#energy (keV)	total count	counts for increasing scattering numbers (from 1)
0.1	0	0	0	0	0	0	0	0	0	0	0
0.3	0	0	0	0	0	0	0	0	0	0	0
0.5	0	0	0	0	0	0	0	0	0	0	0
0.7	0	0	0	0	0	0	0	0	0	0	0
0.9	0	0	0	0	0	0	0	0	0	0	0
1.1	0	0	0	0	0	0	0	0	0	0	0
1.3	0	0	0	0	0	0	0	0	0	0	0
1.5	0	0	0	0	0	0	0	0	0	0	0
1.7	0	0	0	0	0	0	0	0	0	0	0
1.9	0	0	0	0	0	0	0	0	0	0	0
2.1	0	0	0	0	0	0	0	0	0	0	0
2.3	0	0	0	0	0	0	0	0	0	0	0
2.5	0	0	0	0	0	0	0	0	0	0	0
2.7	0	0	0	0	0	0	0	0	0	0	0
2.9	0	0	0	0	0	0	0	0	0	0	0
3.1	0	0	0	0	0	0	0	0	0	0	0
3.3	0	0	0	0	0	0	0	0	0	0	0
3.5	0	0	0	0	0	0	0	0	0	0	0
3.7	0	0	0	0	0	0	0	0	0	0	0
3.9	0	0	0	0	0	0	0	0	0	0	0
4.1	0	0	0	0	0	0	0	0	0	0	0
4.3	0	0	0	0	0	0	0	0	0	0	0
4.5	0	0	0	0	0	0	0	0	0	0	0
4.7	0	0	0	0	0	0	0	0	0	0	0
4.9	0	0	0	0	0	0	0	0	0	0	0
5.1	0	0	0	0	0	0	0	0	0	0	0
5.3	0	0	0	0	0	0	0	0	0	0	0
5.5	0	0	0	0	0	0	0	0	0	0	0
5.7	0	0	0	0	0	0	0	0	0	0	0
5.9	0	0	0	0	0	0	0	0	0	0	0
6.1	0	0	0	0	0	0	0	0	0	0	0
6.3	0	0	0	0	0	0	0	0	0	0	0
6.5	0	0	0	0	0	0	0	0	0	0	0
6.7	0	0	0	0	0	0	0	0	0	0	0
6.9	0	0	0	0	0	0	0	0	0	0	0
7.1	0	0	0	0	0	0	0	0	0	0	0
7.3	0	0	0	0	0	0	0	0	0	0	0
7.5	0	0	0	0	0	0	0	0	0	0	0
7.7	0	0	0	0	0	0	0	0	0	0	0
7.9	0	0	0	0	0	0	0	0	0	0	0
8.1	0	0	0	0	0	0	0	0	0	0	0
8.3	0	0	0	0	0	0	0	0	0	0	0
8.5	0	0	0	0	0	0	0	0	0	0	0
8.7	0	0	0	0	0	0	0	0	0	0	0
8.9	0	0	0	0	0	0	0	0	0	0	0
9.1	0	0	0	0	0	0	0	0	0	0	0
9.3	0	0	0	0	0	0	0	0	0	0	0
9.5	0	0	0	0	0	0	0	0	0	0	0
9.7	0	0	0	0	0	0	0	0	0	0	0
9.9	0	0	0	0	0	0	0	0	0	0	0
10.1	0	0	0	0	0	0	0	0	0	0	0
10.3	0	0	0	0	0	0	0	0	0	0	0
10.5	0	0	0	0	0	0	0	0	0	0	0
10.7	0	0	0	0	0	0	0	0	0	0	0
10.9	0	0	0	0	0	0	0	0	0	0	0
11.1	0	0	0	0	0	0	0	0	0	0	0
11.3	0	0	0	0	0	0	0	0	0	0	0
11.5	0	0	0	0	0	0	0	0	0	0	0
11.7	0	0	0	0	0	0	0	0	0	0	0
11.9	0	0	0	0	0	0	0	0	0	0	0
12.1	0	0	0	0	0	0	0	0	0	0	0
12.3	0	0	0	0	0	0	0	0	0	0	0
12.5	0	0	0	0	0	0	0	0	0	0	0
12.7	0	0	0	0	0	0	0	0	0	0	0
12.9	0	0	0	0	0	0	0	0	0	0	0
13.1	0	0	0	0	0	0	0	0	0	0	0
13.3	0	0	0	0	0	0	0	0	0	0	0
13.5	1	0	0	0	0	0	0	0	0	0	1
13.7	0	0	0	0	0	0	0	0	0	0	0
13.9	0	0	0	0	0	0	0	0	0	0	0
14.1	0	0	0	0	0	0	0	0	0	0	0
14.3	0	0	0	0	0	0	0	0	0	0	0
14.5	0	0	0	0	0	0	0	0	0	0	0
14.7	1	0	0	0	0	0	0	0	0	0	1
14.9	0	0	0	0	0	0	0	0	0	0	0
15.1	1	0	0	0	0	0	0	0	0	0	1
15.3	0	0	0	0	0	0	0	0	0	0	0
15.5	1	0	0	0	0	0	0	0	0	0	1
15.7	0	0	0	0	0	0	0	0	0	0	0
15.9	0	0	0	0	0	0	0	0	0	0	0
16.1	0	0	0	0	0	0	0	0	0	0	0
16.3	0	0	0	0	0	0	0	0	0	0	0
16.5	1	0	0	0	0	0	0	0	0	0	1
16.7	3	0	0	0	0	0	0	0	0	0	3
16.9	1	0	0	0	0	0	0	0	0	0	1
17.1	2	0	0	0	0	0	0	0	0	0	2
17.3	0	0	0	0	0	0	0	0	0	0	0
17.5	5	0	0	0	0	0	0	0	0	0	5
17.7	1	0	0	0	0	0	0	0	0	0	1
17.9	0	0	0	0	0	0	0	0	0	0	0
18.1	1	0	0	0	0	0	0	0	0	0	1
18.3	2	0	0	0	0	0	0	0	0	0	2
18.5	0	0	0	0	0	0	0	0	0	0	0
18.7	1	0	0	0	0	0	0	0	0	0	1
18.9	0	0	0	0	0	0	0	0	0	0	0
19.1	1	0	0	0	0	0	0	0	0	0	1
19.3	2	0	0	0	0	0	0	0	0	0	2
19.5	1	0	0	0	0	0	0	0	0	0	1
19.7	2	0	0	0	0	0	0	0	0	0	2
19.9	2	0	0	0	0	0	0	0	0	0	2
20.1	2	0	0	0	0	0	0	0	0	0	2
20.3	3	0	0	0	0	0	0	0	0	0	3
20.5	1	0	0	0	0	0	0	0	0	0	1
20.7	4	0	0	0	0	0	0	0	0	0	4
20.9	4	0	0	0	0	0	0	0	0	0	4
21.1	3	0	0	0	0	0	0	0	0	0	3
21.3	5	0	0	0	0	0	0	0	0	0	5
21.5	4	0	0	0	0	0	0	0	0	0	4
21.7	9	0	0	0	0	0	0	0	0	0	9
21.9	7	0	0	0	0	0	0	0	0	0	7
22.1	6	0	0	0	0	0	0	0	0	0	6
22.3	8	0	0	0	0	0	0	0	0	0	8
22.5	9	0	0	0	0	0	0	0	0	0	9
22.7	4	0	0	0	0	0	0	0	0	0	4
22.9	6	0	0	0	0	0	0	0	0	0	6
23.1	9	0	0	0	0	0	0	0	0	0	9
23.3	4	0	0	0	0	0	0	0	0	0	4
23.5	8	0	0	0	0	0	0	0	0	0	8
23.7	6	0	0	0	0	0	0	0	0	0	6
23.9	13	0	0	0	0	0	0	0	0	0	13
24.1	8	0	0	0	0	0	0	0	0	0	8
24.3	13	0	0	0	0	0	0	0	0	0	13
24.5	9	0	0	0	0	0	0	0	0	0	9
24.7	12	0	0	0	0	0	0	0	0	0	12
24.9	9	0	0	0	0	0	0	0	0	0	9
25.1	14	0	0	0	0	0	0	0	0	0	14
25.3	10	0	0	0	0	0	0	0	0	0	10
25.5	10	0	0	0	0	0	0	0	0	0	10
25.7	11	0	0	0	0	0	0	0	0	0	11
25.9	13	0	0	0	0	0	0	0	0	0	13
26.1	12	0	0	0	0	0	0	0	0	0	12
26.3	13	0	0	0	0	0	0	0	0	0	13
26.5	12	0	0	0	0	0	0	0	0	0	12
26.7	10	0	0	0	0	0	0	0	0	0	10
26.9	9	0	0	0	0	0	0	0	0	0	9
27.1	20	0	0	0	0	0	0	0	0	0	20
27.3	11	0	0	0	0	0	0	0	0	0	11
27.5	13	0	0	0	0	0	0	0	0	0	13
27.7	16	0	0	0	0	0	0	0	0	0	16
27.9	20	0	0	0	0	0	0	0	0	0	20
28.1	13	0	0	0	0	0	0	0	0	0	13
28.3	14	0	0	0	0	0	0	0	0	0	14
28.5	15	0	0	0	0	0	0	0	0	0	15
28.7	27	0	0	0	0	0	0	0	0	0	27
28.9	18	0	0	0	0	0	0	0	0	0	18
29.1	14	0	0	0	0	0	0	0	0	0	14
29.3	16	0	0	0	0	0	0	0	0	0	16
29.5	21	0	0	0	0	0	0	0	0	0	21
29.7	24	0	0	0	0	0	0	0	0	0	24
29.9	17	0	0	0	0	0	0	0	0	0	17
30.1	21	0	0	0	0	0	0	0	0	0	21
30.3	20	0	0	0	0	0	0	0	0	0	20
30.5	15	0	0	0	0	0	0	0	0	0	15
30.7	25	0	0	0	0	0	0	0	0	0	25
30.9	26	0	0	0	0	0	0	0	0	1	25
31.1	29	0	0	0	0	0	0	0	0	0	29
31.3	22	0	0	0	0	0	0	0	0	0	22
31.5	15	0	0	0	0	0	0	0	0	0	15
31.7	33	0	0	0	0	0	0	0	0	0	33
31.9	31	0	0	0	0	0	0	0	0	0	31
32.1	29	0	0	0	0	0	0	0	0	0	29
32.3	29	0	0	0	0	0	0	0	0	0	29
32.5	22	0	0	0	0	0	0	0	0	0	22
32.7	21	0	0	0	0	0	0	0	0	0	21
32.9	25	0	0	0	0	0	0	0	0	0	25
33.1	25	0	0	0	0	0	0	0	0	0	25
33.3	30	0	0	0	0	0	0	0	0	0	30
33.5	26	0	0	0	0	0	0	0	0	0	26
33.7	31	0	0	0	0	0	0	0	0	0	31
33.9	34	0	0	0	0	0	0	0	0	0	34
34.1	36	0	0	0	0	0	0	0	1	0	35
34.3	36	0	0	0	0	0	0	0	0	0	36
34.5	30	0	0	0	0	0	0	0	0	0	30
34.7	34	0	0	0	0	0	0	0	0	0	34
34.9	26	0	0	0	0	0	0	0	0	0	26
35.1	39	0	0	0	0	0	0	0	0	2	37
35.3	29	0	0	0	0	0	0	0	0	0	29
35.5	33	0	0	0	0	0	0	0	0	0	33
35.7	31	0	0	0	0	0	0	0	1	0	30
35.9	53	0	0	0	0	0	0	0	0	2	51
36.1	54	0	0	0	0	0	0	0	1	0	53
36.3	37	0	0	0	0	0	0	0	0	2	35
36.5	38	0	0	0	0	0	0	0	0	1	37
36.7	45	0	0	0	0	0	0	0	0	3	42
36.9	50	0	0	0	0	0	0	0	0	2	48
37.1	37	0	0	0	0	0	0	0	0	2	35
37.3	46	0	0	0	0	0	0	0	0	2	44
37.5	36	0	0	0	0	0	0	0	1	2	33
37.7	54	0	0	0	0	0	0	0	2	3	49
37.9	50	0	0	0	0	0	0	0	1	2	47
38.1	41	0	0	0	0	0	0	0	0	5	36
38.3	43	0	0	0	0	0	0	0	2	2	39
38.5	52	0	0	0	0	0	0	0	1	5	46
38.7	50	0	0	0	0	0	0	0	0	4	46
38.9	37	0	0	0	0	0	0	0	0	3	34
39.1	44	0	0	0	0	0	0	1	2	3	38
39.3	55	0	0	0	0	0	0	1	2	4	48
39.5	46	0	0	0	0	0	0	0	5	5	36
39.7	47	0	0	0	0	0	0	0	0	3	44
39.9	45	0	0	0	0	0	0	2	3	3	37
40.1	60	0	0	0	0	0	0	1	4	4	51
40.3	54	0	0	0	0	0	0	0	4	6	44
40.5	69	0	0	0	0	0	0	0	4	14	51
40.7	65	0	0	0	0	0	0	0	7	8	50
40.9	59	0	0	0	0	0	0	0	5	11	43
41.1	38	0	0	0	0	0	0	0	0	9	29
41.3	55	0	0	0	0	0	0	0	1	7	47
41.5	54	0	0	0	0	0	0	0	3	12	39
41.7	77	0	0	0	0	0	0	1	4	11	61
41.9	68	0	0	0	0	0	0	2	5	10	51
42.1	58	0	0	0	0	0	0	2	3	12	41
42.3	71	0	0	0	0	0	0	0	3	13	55
42.5	61	0	0	0	0	0	0	2	4	7	48
42.7	75	0	0	0	0	0	0	2	5	13	55
42.9	68	0	0	0	0	0	0	1	10	10	47
43.1	79	0	0	0	0	0	0	1	7	10	61
43.3	65	0	0	0	0	0	0	3	7	20	35
43.5	62	0	0	0	0	0	0	0	10	10	42
43.7	70	0	0	0	0	0	1	4	5	9	51
43.9	59	0	0	0	0	0	1	3	7	10	38
44.1	69	0	0	0	0	0	0	1	5	14	49
44.3	60	0	0	0	0	0	0	5	5	7	43
44.5	61	0	0	0	0	0	0	2	5	14	40
44.7	67	0	0	0	0	0	0	4	10	14	39
44.9	73	0	0	0	0	0	0	3	7	12	51
45.1	82	0	0	0	0	0	0	5	14	27	36
45.3	60	0	0	0	0	0	0	5	13	8	34
45.5	72	0	0	0	0	0	1	2	11	14	44
45.7	71	0	0	0	0	0	0	3	16	14	38
45.9	76	0	0	0	0	0	2	2	12	16	44
46.1	80	0	0	0	0	0	0	4	14	16	46
46.3	63	0	0	0	0	0	0	4	8	16	35
46.5	70	0	0	0	0	0	1	3	14	20	32
46.7	78	0	0	0	0	0	0	7	11	20	40
46.9	94	0	0	0	0	0	0	5	17	33	39
47.1	74	0	0	0	0	0	1	9	7	26	31
47.3	75	0	0	0	0	0	0	8	11	16	40
47.5	63	0	0	0	0	0	1	6	11	17	28
47.7	93	0	0	0	0	0	1	9	17	18	48
47.9	85	0	0	0	0	0	1	9	14	22	39
48.1	81	0	0	0	0	0	0	13	19	18	31
48.3	86	0	0	0	0	0	5	5	13	19	44
48.5	81	0	0	0	0	0	0	9	19	23	30
48.7	84	0	0	0	0	0	1	4	20	10	49
48.9	100	0	0	0	0	0	3	12	23	19	43
49.1	90	0	0	0	0	0	2	13	15	20	40
49.3	97	0	0	0	0	0	3	11	17	24	42
49.5	81	0	0	0	0	0	2	9	21	21	28
49.7	92	0	0	0	0	0	4	9	17	22	40
49.9	87	0	0	0	0	0	0	7	31	16	33
50.1	89	0	0	0	0	0	3	8	22	26	30
50.3	92	0	0	0	0	0	5	14	18	20	35
50.5	105	0	0	0	0	0	3	12	30	20	40
50.7	93	0	0	0	0	1	10	13	19	18	32
50.9	91	0	0	0	0	0	4	21	18	18	30
51.1	92	0	0	0	0	1	3	13	23	22	30
51.3	92	0	0	0	0	0	8	13	29	19	23
51.5	104	0	0	0	0	1	7	11	22	36	27
51.7	110	0	0	0	0	1	9	18	20	28	34
51.9	123	0	0	0	0	0	10	24	24	24	41
52.1	94	0	0	0	0	1	8	20	21	19	25
52.3	117	0	0	0	0	0	8	18	29	28	34
52.5	118	0	0	0	0	0	8	14	34	24	38
52.7	105	0	0	0	0	0	6	18	26	29	26
52.9	118	0	0	0	0	1	4	27	31	23	32
53.1	98	0	0	0	0	0	11	23	21	13	30
53.3	102	0	0	0	0	1	9	25	25	21	21
53.5	109	0	0	0	0	4	6	15	22	22	40
53.7	100	0	0	0	0	2	8	23	20	19	28
53.9	116	0	0	0	0	1	12	18	35	22	28
54.1	94	0	0	0	0	1	6	19	22	18	28
54.3	115	0	0	0	0	2	12	26	30	16	29
54.5	107	0	0	0	0	2	13	22	20	19	31
54.7	118	0	0	0	0	0	9	32	29	21	27
54.9	116	0	0	0	0	2	14	24	23	20	33
55.1	102	0	0	0	0	3	12	18	20	20	29
55.3	121	0	0	0	0	4	10	27	28	25	27
55.5	99	0	0	0	0	2	10	20	27	25	15
55.7	99	0	0	0	0	3	11	19	28	17	21
55.9	121	0	0	0	0	0	18	34	24	24	21
56.1	111	0	0	0	0	5	16	28	26	16	20
56.3	100	0	0	0	0	3	15	23	25	17	17
56.5	119	0	0	0	0	3	14	23	36	22	21
56.7	128	0	0	0	0	2	16	28	32	19	31
56.9	113	0	0	0	0	3	18	25	28	18	21
57.1	124	0	0	0	0	4	23	22	32	27	16
57.3	114	0	0	0	0	4	17	23	21	27	22
57.5	117	0	0	0	0	3	20	34	21	18	21
57.7	124	0	0	0	0	5	27	33	20	18	21
57.9	127	0	0	0	0	11	18	27	24	21	26
58.1	118	0	0	0	0	9	18	25	25	27	14
58.3	115	0	0	0	0	5	16	33	24	20	17
58.5	116	0	0	0	0	5	23	27	23	19	19
58.7	122	0	0	0	0	6	17	34	28	16	21
58.9	125	0	0	0	0	8	17	29	29	25	17
59.1	113	0	0	0	0	8	21	28	25	14	17
59.3	137	0	0	0	0	5	22	29	36	16	29
59.5	130	0	0	0	0	10	29	34	24	14	19
59.7	120	0	0	0	0	13	25	26	28	18	10
59.9	135	0	0	0	0	6	22	33	33	25	16
60.1	142	0	0	0	0	11	24	42	26	23	16
60.3	135	0	0	0	0	9	25	35	39	12	15
60.5	122	0	0	0	0	7	33	35	24	13	10
60.7	134	0	0	0	0	14	22	31	31	22	14
60.9	113	0	0	0	0	9	19	34	26	14	11
61.1	160	0	0	0	1	14	30	45	34	14	22
61.3	112	0	0	0	0	7	21	37	21	15	11
61.5	125	0	0	0	0	3	29	34	32	19	8
61.7	120	0	0	0	0	9	33	32	14	20	12
61.9	124	0	0	0	1	10	33	28	22	18	12
62.1	136	0	0	0	0	5	33	43	26	12	17
62.3	140	0	0	0	0	10	26	39	36	9	20
62.5	132	0	0	0	0	13	27	35	28	20	9
62.7	141	0	0	0	1	10	35	40	30	18	7
62.9	113	0	0	0	0	8	27	33	16	13	16
63.1	131	0	0	0	1	11	30	42	29	10	8
63.3	138	0	0	0	0	15	40	30	30	14	9
63.5	136	0	0	0	0	18	32	37	21	20	8
63.7	128	0	0	0	1	12	27	41	26	13	8
63.9	159	0	0	0	0	17	45	33	36	19	9
64.1	133	0	0	0	0	16	38	29	27	8	15
64.3	155	0	0	0	1	16	35	45	31	16	11
64.5	127	0	0	0	0	15	28	37	27	12	8
64.7	135	0	0	0	1	14	29	38	27	15	11
64.9	123	0	0	0	2	20	28	22	28	10	13
65.1	156	0	0	0	4	21	43	37	25	18	8
65.3	124	0	0	0	2	17	34	24	23	11	13
65.5	136	0	0	0	1	14	33	49	25	9	5
65.7	139	0	0	0	6	16	38	40	23	11	5
65.9	147	0	0	0	2	31	28	42	25	13	6
66.1	146	0	0	0	1	23	50	30	25	9	8
66.3	154	0	0	0	1	24	38	38	23	21	9
66.5	114	0	0	0	1	23	30	30	16	7	7
66.7	153	0	0	0	2	27	26	45	23	17	13
66.9	139	0	0	0	7	34	37	34	11	9	7
67.1	141	0	0	0	5	17	35	40	23	15	6
67.3	133	0	0	0	3	23	45	28	15	18	1
67.5	168	0	0	0	5	29	31	45	32	17	9
67.7	156	0	0	0	10	26	46	34	25	7	8
67.9	147	0	0	0	4	23	52	31	24	9	4
68.1	138	0	0	0	4	17	39	38	21	12	7
68.3	126	0	0	0	7	20	36	41	11	7	4
68.5	129	0	0	0	8	19	32	38	17	10	5
68.7	169	0	0	0	13	29	49	35	24	10	9
68.9	160	0	0	0	10	30	41	39	23	10	7
69.1	166	0	0	0	10	27	46	47	22	8	6
69.3	182	0	0	0	6	28	53	41	34	11	9
69.5	156	0	0	0	4	34	54	40	15	4	5
69.7	179	0	0	0	10	45	46	42	21	6	9
69.9	162	0	0	0	6	34	56	31	20	9	6
70.1	162	0	0	0	11	38	33	39	16	16	9
70.3	158	0	0	0	6	37	47	29	23	11	5
70.5	156	0	0	0	10	34	47	31	23	8	3
70.7	147	0	0	0	8	33	42	32	19	7	6
70.9	163	0	0	0	14	40	38	39	21	6	5
71.1	133	0	0	0	14	37	30	30	15	5	2
71.3	153	0	0	0	9	37	39	33	20	5	10
71.5	152	0	0	0	13	34	41	35	17	10	2
71.7	151	0	0	0	10	43	42	25	21	5	5
71.9	174	0	0	0	9	41	52	28	28	10	6
72.1	156	0	0	0	14	39	42	37	11	10	3
72.3	159	0	0	0	19	36	40	37	12	9	6
72.5	182	0	0	1	15	39	50	48	15	4	10
72.7	162	0	0	0	18	42	40	30	17	9	6
72.9	193	0	0	0	21	41	50	51	20	6	4
73.1	175	0	0	0	22	39	42	39	24	6	3
73.3	173	0	0	0	21	40	47	32	18	10	5
73.5	175	0	0	0	16	46	48	34	15	15	1
73.7	150	0	0	0	12	41	40	34	17	6	0
73.9	181	0	0	0	23	43	57	28	18	5	7
74.1	194	0	0	0	21	44	58	28	26	12	5
74.3	166	0	0	1	24	52	37	28	20	2	2
74.5	174	0	0	0	16	52	53	31	14	6	2
74.7	177	0	0	0	18	56	47	29	15	9	3
74.9	152	0	0	0	19	35	54	25	12	4	3
75.1	172	0	0	0	18	50	39	40	17	6	2
75.3	201	0	0	0	23	52	54	34	28	6	4
75.5	181	0	0	1	28	41	51	37	14	7	2
75.7	156	0	0	0	21	39	50	22	15	8	1
75.9	207	0	0	2	28	59	46	36	23	11	2
76.1	187	0	0	1	31	50	47	36	18	2	2
76.3	173	0	0	0	23	40	58	29	12	5	6
76.5	190	0	0	0	35	57	52	26	12	5	3
76.7	164	0	0	2	30	47	38	26	11	7	3
76.9	174	0	0	0	31	61	36	31	8	6	1
77.1	195	0	0	5	25	64	55	28	12	4	2
77.3	166	0	0	2	24	52	44	26	11	2	5
77.5	199	0	0	2	25	72	48	24	18	6	4
77.7	191	0	0	3	22	59	56	29	14	4	4
77.9	184	0	0	4	26	50	45	36	12	8	3
78.1	178	0	0	3	29	44	51	30	15	4	2
78.3	201	0	0	6	28	59	44	39	16	6	3
78.5	172	0	0	5	31	46	35	36	11	7	1
78.7	178	0	0	10	25	39	48	27	19	5	5
78.9	216	0	0	7	35	69	47	30	14	14	0
79.1	161	0	0	7	34	46	40	23	7	3	1
79.3	205	0	0	8	39	57	49	30	19	3	0
79.5	197	0	0	7	41	54	45	29	16	4	1
79.7	190	0	0	9	37	40	64	20	15	3	2
79.9	203	0	0	8	39	50	63	25	10	7	1
80.1	196	0	0	10	37	52	57	30	6	4	0
80.3	184	0	0	3	37	48	46	28	13	6	3
80.5	204	0	0	11	46	56	45	29	12	3	2
80.7	186	0	0	16	37	46	34	36	12	5	0
80.9	213	0	0	7	35	67	55	33	12	4	0
81.1	199	0	0	10	38	62	42	26	13	7	1
81.3	191	0	0	9	44	63	41	18	12	2	2
81.5	192	0	0	7	46	46	57	21	10	4	1
81.7	200	0	0	10	36	55	47	34	13	5	0
81.9	193	0	0	9	43	57	37	27	13	6	1
82.1	225	0	0	13	43	75	44	29	13	5	3
82.3	206	0	0	12	42	59	42	28	12	7	4
82.5	218	0	0	11	48	58	58	25	9	4	5
82.7	187	0	0	12	42	46	51	21	12	3	0
82.9	200	0	0	10	48	49	47	33	10	2	1
83.1	193	0	0	16	33	49	48	27	10	8	2
83.3	196	0	0	11	50	53	41	23	13	4	1
83.5	205	0	0	15	50	57	46	24	10	1	2
83.7	158	0	0	14	40	46	30	12	10	6	0
83.9	198	0	0	19	48	56	36	19	14	5	1
84.1	203	0	0	15	44	49	52	23	12	7	1
84.3	180	0	0	19	42	48	43	14	11	3	0
84.5	210	0	0	14	56	61	38	29	8	2	2
84.7	204	0	0	20	34	68	40	27	9	3	3
84.9	185	0	0	12	39	69	36	18	8	3	0
85.1	243	0	0	17	59	86	48	20	7	4	2
85.3	242	0	0	13	61	74	61	22	6	1	4
85.5	191	0	0	17	42	63	41	16	8	3	1
85.7	192	0	0	11	47	60	36	24	6	6	2
85.9	211	0	0	19	52	57	47	23	6	6	1
86.1	202	0	0	14	59	49	38	31	8	2	1
86.3	207	0	0	18	60	48	46	20	9	4	2
86.5	215	0	0	26	52	57	43	26	6	4	1
86.7	211	0	0	29	58	56	37	19	8	3	1
86.9	235	0	0	27	64	71	46	18	7	2	0
87.1	216	0	0	25	48	68	40	29	5	0	1
87.3	204	0	0	29	53	50	47	17	6	2	0
87.5	210	0	0	21	57	59	34	25	8	3	3
87.7	194	0	0	21	54	46	40	23	9	0	1
87.9	203	0	0	25	56	67	31	17	6	1	0
88.1	214	0	0	24	57	61	43	22	6	0	1
88.3	205	0	0	22	61	52	40	22	8	0	0
88.5	215	0	0	25	60	61	39	19	7	4	0
88.7	203	0	0	35	50	51	41	17	3	4	2
88.9	210	0	0	30	51	59	42	18	5	4	1
89.1	229	0	0	27	63	65	38	23	9	3	1
89.3	228	0	0	14	66	63	51	22	8	2	2
89.5	210	0	0	27	54	67	37	18	6	1	0
89.7	204	0	0	20	58	68	28	18	6	4	2
89.9	169	0	0	20	42	48	29	17	10	1	2
90.1	216	0	0	34	58	56	39	16	10	2	1
90.3	205	0	0	25	60	61	38	10	9	2	0
90.5	230	0	0	27	72	59	46	20	6	0	0
90.7	197	0	0	33	42	67	33	15	3	2	2
90.9	211	0	0	29	65	61	36	12	6	1	1
91.1	227	0	0	35	64	64	36	23	3	2	0
91.3	188	0	0	27	58	47	35	14	2	5	0
91.5	198	0	0	34	51	51	41	15	6	0	0
91.7	229	0	0	39	61	66	36	20	5	1	1
91.9	204	0	0	24	75	46	36	16	5	2	0
92.1	202	0	0	25	61	56	33	16	8	3	0
92.3	210	0	0	28	63	65	32	17	2	2	1
92.5	216	0	0	32	72	57	20	17	8	7	3
92.7	223	0	0	31	64	55	50	16	6	0	1
92.9	204	0	0	32	53	54	40	18	4	2	1
93.1	201	0	0	38	57	51	34	12	6	3	0
93.3	216	0	0	38	60	62	38	11	6	1	0
93.5	207	0	0	39	54	70	29	9	3	2	1
93.7	239	0	0	39	79	55	42	18	4	2	0
93.9	211	0	0	37	49	64	33	22	6	0	0
94.1	239	0	0	43	72	74	37	10	2	0	1
94.3	196	0	0	30	57	55	36	12	3	3	0
94.5	188	0	0	29	61	56	28	7	4	1	2
94.7	207	0	0	36	69	47	34	16	5	0	0
94.9	209	0	0	34	64	60	26	20	3	2	0
95.1	183	0	0	32	60	45	24	15	4	2	1
95.3	207	0	0	32	69	65	27	10	3	1	0
95.5	208	0	0	28	58	65	33	17	5	2	0
95.7	201	0	0	22	66	61	32	14	4	2	0
95.9	207	0	0	34	79	52	22	15	3	2	0
96.1	191	0	0	38	57	39	30	25	2	0	0
96.3	208	0	0	35	55	65	30	15	5	2	1
96.5	216	0	0	43	64	55	28	16	8	2	0
96.7	208	0	0	34	62	56	38	12	5	1	0
96.9	228	0	0	33	77	58	41	12	6	1	0
97.1	195	0	0	40	68	46	23	13	4	1	0
97.3	184	0	0	30	53	61	23	15	2	0	0
97.5	216	0	0	43	64	62	28	14	5	0	0
97.7	178	0	0	30	58	52	25	11	0	2	0
97.9	203	0	0	36	63	58	31	14	1	0	0
98.1	214	0	0	41	75	57	21	13	5	1	1
98.3	223	0	0	41	67	59	37	14	3	1	1
98.5	226	0	0	58	66	59	24	10	8	1	0
98.7	204	0	0	32	66	64	28	11	2	0	1
98.9	171	0	0	37	56	41	22	10	3	2	0
99.1	209	0	0	50	68	53	22	10	5	0	1
99.3	187	0	0	31	52	63	26	12	0	3	0
99.5	196	0	0	34	75	48	28	8	2	0	1
99.7	202	0	0	34	70	52	26	15	3	1	1
99.9	221	0	0	40	81	57	29	10	0	3	1
100.1	224	0	0	44	71	57	28	18	5	1	0
100.3	218	0	0	47	75	53	32	10	1	0	0
100.5	191	0	0	42	61	47	30	10	1	0	0
100.7	214	0	0	53	71	45	29	13	3	0	0
100.9	228	0	0	46	71	62	34	12	2	1	0
101.1	197	0	0	47	54	51	26	14	3	1	1
101.3	179	0	0	33	68	37	26	12	3	0	0
101.5	196	0	0	45	65	47	24	12	2	1	0
101.7	191	0	0	29	80	42	23	12	2	3	0
101.9	209	0	0	51	65	56	23	13	1	0	0
102.1	177	0	0	41	58	36	25	15	1	1	0
102.3	224	0	0	46	85	55	27	7	3	1	0
102.5	212	0	0	53	74	48	27	7	1	1	1
102.7	212	0	0	52	66	50	34	6	4	0	0
102.9	208	0	0	42	61	46	42	10	2	4	1
103.1	207	0	0	36	69	61	28	10	1	1	1
103.3	201	0	0	54	60	47	23	11	4	1	1
103.5	201	0	0	34	72	53	34	5	2	1	0
103.7	189	0	0	44	67	45	22	9	1	1	0
103.9	213	0	0	44	64	64	28	7	5	1	0
104.1	185	0	0	52	62	40	20	8	2	1	0
104.3	210	0	0	53	73	51	23	8	2	0	0
104.5	247	0	0	59	86	59	30	9	3	1	0
104.7	187	0	0	42	71	41	16	13	3	1	0
104.9	206	0	0	51	82	41	17	10	4	1	0
105.1	197	0	0	43	63	56	23	8	1	2	1
105.3	215	0	0	64	76	42	24	3	6	0	0
105.5	149	0	0	43	51	28	16	6	3	2	0
105.7	202	0	0	60	60	51	21	8	1	1	0
105.9	190	0	0	58	71	36	19	4	1	1	0
106.1	180	0	0	41	58	45	22	8	3	2	1
106.3	176	0	0	49	59	39	18	9	2	0	0
106.5	193	0	0	47	68	44	19	11	2	1	1
106.7	214	0	0	61	75	38	28	5	6	0	1
106.9	195	0	0	54	57	45	31	6	1	1	0
107.1	189	0	0	45	69	43	23	5	1	2	1
107.3	203	0	0	44	69	57	21	7	4	1	0
107.5	198	0	0	45	61	58	24	9	1	0	0
107.7	201	0	0	63	61	47	18	9	2	1	0
107.9	200	0	0	53	60	54	23	4	5	1	0
108.1	176	0	0	45	61	32	22	12	3	1	0
108.3	196	0	0	48	73	46	25	3	1	0	0
108.5	186	0	0	45	63	45	23	6	3	1	0
108.7	192	0	0	50	57	43	31	8	2	1	0
108.9	217	0	0	51	73	54	31	6	1	0	1
109.1	191	0	0	47	58	54	19	8	4	1	0
109.3	213	0	0	63	70	46	19	11	3	1	0
109.5	185	0	0	54	65	45	13	6	1	0	1
109.7	184	0	0	51	55	48	21	7	1	1	0
109.9	204	0	0	48	71	47	28	8	1	1	0
110.1	202	0	0	52	75	44	17	11	3	0	0
110.3	194	0	0	58	55	49	18	10	4	0	0
110.5	185	0	0	54	66	38	17	8	2	0	0
110.7	196	0	0	44	73	45	22	8	3	0	1
110.9	211	0	0	70	56	52	26	6	0	1	0
111.1	178	0	0	51	71	28	16	9	2	1	0
111.3	208	0	0	66	62	50	21	8	1	0	0
111.5	177	0	0	50	64	39	18	4	2	0	0
111.7	190	0	0	70	54	46	15	3	0	1	1
111.9	205	0	0	60	76	48	15	5	1	0	0
112.1	179	0	0	60	71	33	10	4	1	0	0
112.3	200	0	0	61	69	49	13	5	2	0	1
112.5	195	0	0	57	66	38	22	10	1	1	0
112.7	194	0	0	64	62	37	21	8	2	0	0
112.9	203	0	0	62	70	42	22	5	1	0	1
113.1	190	0	0	65	63	44	13	4	1	0	0
113.3	214	0	0	66	81	39	19	8	1	0	0
113.5	177	0	0	45	53	48	22	7	2	0	0
113.7	199	0	0	65	69	41	16	7	1	0	0
113.9	192	0	0	62	71	35	18	5	1	0	0
114.1	196	0	0	51	70	49	17	7	2	0	0
114.3	201	0	0	65	66	47	20	2	1	0	0
114.5	196	0	0	61	69	39	20	6	1	0	0
114.7	187	0	0	59	60	46	16	3	3	0	0
114.9	187	0	0	58	55	48	18	4	4	0	0
115.1	175	0	0	65	60	37	11	2	0	0	0
115.3	202	0	0	60	86	33	16	5	2	0	0
115.5	174	0	0	52	61	42	12	5	2	0	0
115.7	174	0	0	51	64	35	18	5	1	0	0
115.9	167	0	0	51	56	40	12	5	3	0	0
116.1	198	0	0	64	72	42	18	1	0	0	1
116.3	190	0	0	55	62	51	14	6	2	0	0
116.5	194	0	0	68	67	39	14	5	1	0	0
116.7	171	0	0	53	62	34	12	9	1	0	0
116.9	182	0	0	60	68	34	12	6	2	0	0
117.1	204	0	0	69	62	45	22	5	1	0	0
117.3	181	0	0	59	68	30	20	4	0	0	0
117.5	174	0	0	59	59	38	15	3	0	0	0
117.7	189	0	0	67	63	40	11	7	1	0	0
117.9	173	0	0	58	60	36	11	4	3	1	0
118.1	202	0	0	82	52	39	19	5	5	0	0
118.3	170	0	0	53	62	34	13	4	4	0	0
118.5	169	0	0	55	63	32	12	6	1	0	0
118.7	173	0	0	67	54	33	12	6	1	0	0
118.9	171	0	0	58	59	37	15	1	1	0	0
119.1	196	0	0	60	70	49	8	8	1	0	0
119.3	185	0	0	63	59	40	17	4	2	0	0
119.5	164	0	0	69	49	29	14	3	0	0	0
119.7	174	0	0	65	73	27	6	2	1	0	0
119.9	193	0	0	69	75	33	8	4	1	2	1
120.1	195	0	0	63	65	45	17	5	0	0	0
120.3	196	0	0	66	63	41	19	5	2	0	0
120.5	194	0	0	65	68	42	14	4	0	1	0
120.7	187	0	0	75	61	31	17	2	1	0	0
120.9	197	0	0	70	84	28	9	4	2	0	0
121.1	173	0	1	67	57	37	9	2	0	0	0
121.3	205	0	0	83	69	32	12	6	2	0	1
121.5	177	0	0	54	60	44	15	3	1	0	0
121.7	170	0	0	56	64	30	17	3	0	0	0
121.9	198	0	0	66	75	38	16	2	0	0	1
122.1	172	0	0	62	65	30	14	1	0	0	0
122.3	182	0	0	64	62	42	8	5	1	0	0
122.5	202	0	0	88	60	35	13	5	1	0	0
122.7	188	0	0	77	60	35	11	4	0	1	0
122.9	194	0	0	79	67	29	11	7	0	1	0
123.1	175	0	0	66	55	40	10	2	2	0	0
123.3	205	0	0	68	80	38	15	4	0	0	0
123.5	195	0	0	83	59	36	14	3	0	0	0
123.7	189	0	0	78	76	20	10	4	1	0	0
123.9	190	0	0	59	79	37	9	4	2	0	0
124.1	186	0	4	65	66	30	15	4	2	0	0
124.3	207	0	1	90	59	35	16	4	2	0	0
124.5	173	0	0	67	56	30	13	4	2	1	0
124.7	175	0	0	68	61	31	11	4	0	0	0
124.9	185	0	0	68	67	36	9	3	1	1	0
125.1	196	0	0	69	82	31	11	2	0	1	0
125.3	186	0	1	85	66	26	7	1	0	0	0
125.5	192	0	0	61	78	37	12	4	0	0	0
125.7	208	0	1	73	86	38	3	4	2	1	0
125.9	182	0	1	86	55	29	6	3	2	0	0
126.1	144	0	1	59	49	25	7	2	1	0	0
126.3	176	0	3	77	58	28	9	1	0	0	0
126.5	200	0	3	79	65	41	11	1	0	0	0
126.7	205	0	2	86	60	34	17	3	0	3	0
126.9	163	0	2	57	65	26	9	4	0	0	0
127.1	192	0	6	61	72	37	10	5	0	1	0
127.3	199	0	8	76	68	34	11	2	0	0	0
127.5	164	0	1	74	54	24	8	2	1	0	0
127.7	196	0	8	79	64	24	15	2	3	1	0
127.9	162	0	4	67	58	21	7	5	0	0	0
128.1	171	0	5	67	50	36	7	6	0	0	0
128.3	175	0	6	75	55	25	10	4	0	0	0
128.5	179	0	5	66	66	32	9	0	1	0	0
128.7	209	0	6	86	59	42	13	3	0	0	0
128.9	182	0	9	66	66	24	11	5	1	0	0
129.1	193	0	8	81	66	19	14	3	2	0	0
129.3	195	0	11	75	64	29	11	4	1	0	0
129.5	161	0	8	61	63	18	8	2	1	0	0
129.7	212	0	11	93	71	28	7	1	1	0	0
129.9	195	0	16	85	56	22	14	2	0	0	0
130.1	166	0	8	68	54	20	10	4	2	0	0
130.3	207	0	9	79	69	38	10	1	1	0	0
130.5	205	0	19	84	65	27	8	2	0	0	0
130.7	196	0	19	80	55	22	18	1	1	0	0
130.9	197	0	20	87	63	19	7	0	0	1	0
131.1	224	0	19	101	67	23	12	1	1	0	0
131.3	196	0	18	79	60	27	9	1	1	1	0
131.5	182	0	17	77	52	28	7	1	0	0	0
131.7	192	0	27	76	55	24	9	1	0	0	0
131.9	193	0	22	77	48	30	13	3	0	0	0
132.1	231	0	21	89	82	28	8	2	1	0	0
132.3	215	0	31	79	67	26	11	1	0	0	0
132.5	219	0	26	86	72	22	9	3	1	0	0
132.7	222	0	36	77	65	28	14	2	0	0	0
132.9	219	0	35	78	58	38	5	5	0	0	0
133.1	237	0	35	87	63	38	9	3	2	0	0
133.3	207	0	32	74	68	22	8	3	0	0	0
133.5	214	0	38	69	71	28	4	3	1	0	0
133.7	204	0	37	82	59	19	4	2	0	1	0
133.9	220	0	35	86	59	31	8	1	0	0	0
134.1	212	0	43	86	57	16	9	1	0	0	0
134.3	234	0	48	87	58	34	6	1	0	0	0
134.5	238	0	47	99	52	30	8	2	0	0	0
134.7	230	0	41	89	62	24	13	0	1	0	0
134.9	192	0	44	73	48	23	3	1	0	0	0
135.1	261	0	57	95	71	26	10	1	1	0	0
135.3	217	0	60	84	44	16	12	1	0	0	0
135.5	217	0	57	70	55	29	5	1	0	0	0
135.7	238	0	48	90	61	25	13	1	0	0	0
135.9	239	0	52	86	54	33	12	1	1	0	0
136.1	244	0	62	87	63	24	7	1	0	0	0
136.3	262	0	63	93	73	25	6	2	0	0	0
136.5	259	0	60	92	66	27	10	4	0	0	0
136.7	261	0	74	88	61	31	7	0	0	0	0
136.9	252	0	58	94	68	24	6	2	0	0	0
137.1	268	0	75	113	52	22	6	0	0	0	0
137.3	247	0	67	99	46	25	8	1	1	0	0
137.5	249	0	67	101	47	22	7	4	1	0	0
137.7	254	0	84	89	50	23	5	2	1	0	0
137.9	271	0	71	107	65	18	7	2	1	0	0
138.1	271	0	83	92	62	26	7	1	0	0	0
138.3	278	0	92	96	61	20	8	1	0	0	0
138.5	247	0	81	74	53	27	10	2	0	0	0
138.7	277	0	79	96	58	33	10	0	1	0	0
138.9	258	0	78	94	51	24	5	5	1	0	0
139.1	253	0	79	79	61	25	7	1	1	0	0
139.3	261	0	81	97	51	23	8	0	1	0	0
139.5	294	0	94	92	76	25	7	0	0	0	0
139.7	288	0	98	105	47	25	10	2	0	0	1
139.9	254	0	74	96	46	33	4	1	0	0	0
140.1	253	0	85	86	49	25	7	1	0	0	0
140.3	272	0	97	90	58	17	5	4	1	0	0
140.5	282	0	101	101	48	26	4	2	0	0	0
140.7	289	0	109	90	63	19	4	4	0	0	0
140.9	292	0	88	101	73	24	3	2	0	1	0
141.1	288	0	102	86	64	30	3	3	0	0	0
141.3	255	0	104	81	44	20	5	1	0	0	0
141.5	249	0	106	79	45	15	3	1	0	0	0
141.7	277	0	92	101	48	27	6	2	1	0	0
141.9	279	0	121	85	46	21	6	0	0	0	0
142.1	310	0	114	110	66	14	3	2	1	0	0
142.3	299	0	101	98	63	31	5	1	0	0	0
142.5	295	0	118	100	48	22	6	0	1	0	0
142.7	297	0	119	99	51	18	7	3	0	0	0
142.9	277	0	96	91	67	18	3	2	0	0	0
143.1	277	0	101	105	49	19	3	0	0	0	0
143.3	300	0	120	98	56	19	3	4	0	0	0
143.5	307	0	113	95	67	25	6	0	0	0	1
143.7	318	0	121	106	67	16	3	4	1	0	0
143.9	281	0	120	86	52	15	8	0	0	0	0
144.1	275	0	104	93	47	23	4	1	3	0	0
144.3	312	0	114	110	58	24	4	2	0	0	0
144.5	302	0	129	94	54	18	6	1	0	0	0
144.7	316	0	123	114	64	15	0	0	0	0	0
144.9	296	0	130	97	49	16	3	1	0	0	0
145.1	324	0	126	104	61	23	8	2	0	0	0
145.3	290	0	132	86	49	19	4	0	0	0	0
145.5	309	0	134	96	60	16	3	0	0	0	0
145.7	273	0	110	89	47	21	4	1	1	0	0
145.9	288	0	119	99	42	18	8	1	1	0	0
146.1	285	0	131	95	45	11	3	0	0	0	0
146.3	294	0	107	119	49	14	2	3	0	0	0
146.5	309	0	117	108	53	23	6	2	0	0	0
146.7	319	0	125	111	57	16	10	0	0	0	0
146.9	302	0	134	95	48	21	3	1	0	0	0
147.1	291	0	131	90	53	11	6	0	0	0	0
147.3	293	0	127	93	56	14	2	1	0	0	0
147.5	322	0	136	99	66	18	3	0	0	0	0
147.7	288	0	118	108	42	14	5	1	0	0	0
147.9	312	0	110	112	57	24	9	0	0	0	0
148.1	310	0	128	107	48	19	5	2	1	0	0
148.3	323	0	127	103	60	21	10	2	0	0	0
148.5	308	0	135	99	50	17	6	1	0	0	0
148.7	297	0	109	107	57	14	10	0	0	0	0
148.9	298	0	123	99	52	16	6	2	0	0	0
149.1	277	0	131	79	48	15	4	0	0	0	0
149.3	287	0	131	93	50	8	3	2	0	0	0
149.5	323	0	127	113	65	14	2	2	0	0	0
149.7	299	0	124	101	53	14	7	0	0	0	0
149.9	329	0	150	101	55	15	7	0	1	0	0
150.1	329	0	141	107	56	15	9	1	0	0	0
150.3	328	0	131	119	62	12	2	2	0	0	0
150.5	326	0	145	112	48	16	4	1	0	0	0
150.7	283	0	122	97	43	14	7	0	0	0	0
150.9	331	0	139	103	67	17	4	1	0	0	0
151.1	347	0	141	126	48	23	6	3	0	0	0
151.3	288	0	133	103	33	12	5	1	1	0	0
151.5	297	0	123	93	60	13	7	1	0	0	0
151.7	339	0	138	140	41	16	3	0	1	0	0
151.9	321	0	159	97	50	11	2	1	1	0	0
152.1	294	0	134	101	37	12	8	2	0	0	0
152.3	318	0	142	109	48	14	5	0	0	0	0
152.5	282	0	117	104	43	12	4	1	1	0	0
152.7	327	0	146	109	52	13	6	1	0	0	0
152.9	320	0	141	114	43	17	4	1	0	0	0
153.1	322	0	131	118	53	16	4	0	0	0	0
153.3	310	0	137	112	40	17	4	0	0	0	0
153.5	315	0	153	105	38	14	5	0	0	0	0
153.7	295	0	132	95	41	23	3	0	1	0	0
153.9	339	0	145	114	52	24	3	0	1	0	0
154.1	284	0	122	102	41	15	4	0	0	0	0
154.3	316	0	140	107	43	21	4	1	0	0	0
154.5	298	0	116	109	53	17	3	0	0	0	0
154.7	292	0	147	88	42	14	1	0	0	0	0
154.9	313	0	128	116	48	16	2	3	0	0	0
155.1	337	0	155	116	48	11	6	1	0	0	0
155.3	280	0	116	96	46	18	4	0	0	0	0
155.5	337	0	143	123	50	18	2	1	0	0	0
155.7	308	0	145	98	45	16	3	1	0	0	0
155.9	301	0	115	116	50	17	3	0	0	0	0
156.1	291	0	129	108	33	16	3	2	0	0	0
156.3	346	0	146	123	53	22	1	1	0	0	0
156.5	285	0	125	110	33	10	7	0	0	0	0
156.7	310	0	139	121	39	10	1	0	0	0	0
156.9	315	0	134	119	40	13	5	1	3	0	0
157.1	314	0	147	105	44	15	3	0	0	0	0
157.3	326	0	144	116	49	11	5	1	0	0	0
157.5	318	0	127	126	47	13	4	1	0	0	0
157.7	293	0	140	97	39	14	3	0	0	0	0
157.9	353	0	148	136	51	14	2	2	0	0	0
158.1	298	0	122	112	53	9	2	0	0	0	0
158.3	343	0	158	110	52	15	6	2	0	0	0
158.5	276	0	132	102	33	8	1	0	0	0	0
158.7	284	0	122	107	39	13	2	1	0	0	0
158.9	319	0	161	93	52	10	2	1	0	0	0
159.1	304	0	160	99	32	11	2	0	0	0	0
159.3	284	0	131	103	34	12	2	2	0	0	0
159.5	303	0	146	96	47	9	5	0	0	0	0
159.7	256	0	126	83	35	8	2	1	1	0	0
159.9	338	0	147	124	43	19	5	0	0	0	0
160.1	303	0	134	103	47	11	8	0	0	0	0
160.3	289	0	128	104	43	10	3	1	0	0	0
160.5	307	0	136	102	55	12	2	0	0	0	0
160.7	306	0	153	93	45	12	3	0	0	0	0
160.9	289	0	129	109	41	9	0	1	0	0	0
161.1	290	0	139	89	45	14	2	1	0	0	0
161.3	282	0	133	83	47	14	2	2	1	0	0
161.5	298	0	131	104	43	16	3	1	0	0	0
161.7	306	0	141	102	43	17	2	0	1	0	0
161.9	299	0	140	108	36	13	2	0	0	0	0
162.1	293	0	136	106	39	12	0	0	0	0	0
162.3	326	0	140	124	42	16	4	0	0	0	0
162.5	290	0	138	95	42	12	3	0	0	0	0
162.7	311	0	146	98	47	14	4	2	0	0	0
162.9	290	0	133	111	36	9	1	0	0	0	0
163.1	296	0	135	105	40	13	1	2	0	0	0
163.3	303	0	140	108	38	11	6	0	0	0	0
163.5	284	0	125	109	33	15	2	0	0	0	0
163.7	290	0	144	94	37	13	2	0	0	0	0
163.9	295	0	130	95	47	18	5	0	0	0	0
164.1	294	0	139	97	43	7	6	1	1	0	0
164.3	316	0	152	107	38	18	0	1	0	0	0
164.5	315	0	137	117	47	11	3	0	0	0	0
164.7	307	0	151	102	44	8	1	1	0	0	0
164.9	287	0	127	117	29	7	5	1	0	1	0
165.1	292	0	141	102	38	9	1	1	0	0	0
165.3	299	0	142	102	41	10	3	1	0	0	0
165.5	278	0	145	83	35	13	2	0	0	0	0
165.7	280	0	137	98	37	6	2	0	0	0	0
165.9	281	0	131	96	38	12	4	0	0	0	0
166.1	309	0	137	113	42	15	2	0	0	0	0
166.3	280	0	140	87	35	12	6	0	0	0	0
166.5	275	0	130	99	35	11	0	0	0	0	0
166.7	300	0	140	102	44	10	4	0	0	0	0
166.9	286	0	140	102	34	6	3	1	0	0	0
167.1	322	0	158	120	31	9	3	1	0	0	0
167.3	320	0	169	102	37	11	1	0	0	0	0
167.5	301	0	149	99	43	9	1	0	0	0	0
167.7	317	0	151	116	36	12	2	0	0	0	0
167.9	266	0	116	97	41	11	1	0	0	0	0
168.1	274	0	127	97	34	8	6	2	0	0	0
168.3	280	0	145	87	36	9	3	0	0	0	0
168.5	308	0	152	91	52	11	2	0	0	0	0
168.7	295	0	137	113	37	6	2	0	0	0	0
168.9	289	0	145	101	31	12	0	0	0	0	0
169.1	290	0	133	108	37	9	3	0	0	0	0
169.3	286	0	150	90	33	8	5	0	0	0	0
169.5	305	0	135	98	52	18	2	0	0	0	0
169.7	297	0	154	91	35	12	2	2	1	0	0
169.9	307	0	170	92	35	9	1	0	0	0	0
170.1	302	0	164	90	41	4	3	0	0	0	0
170.3	266	0	134	90	36	2	3	1	0	0	0
170.5	267	0	137	82	34	10	3	1	0	0	0
170.7	304	0	157	101	36	8	1	1	0	0	0
170.9	280	0	132	88	49	8	3	0	0	0	0
171.1	287	0	146	91	34	11	4	1	0	0	0
171.3	291	0	166	77	32	10	3	1	2	0	0
171.5	275	0	141	95	32	7	0	0	0	0	0
171.7	300	0	157	98	35	8	2	0	0	0	0
171.9	252	0	126	87	30	6	3	0	0	0	0
172.1	279	0	150	92	32	3	2	0	0	0	0
172.3	287	0	157	85	33	10	1	0	1	0	0
172.5	267	0	141	83	30	11	2	0	0	0	0
172.7	294	0	144	100	36	10	4	0	0	0	0
172.9	272	0	136	95	29	9	3	0	0	0	0
173.1	292	0	154	95	32	10	1	0	0	0	0
173.3	283	0	163	71	38	9	2	0	0	0	0
173.5	281	0	140	93	29	16	1	0	2	0	0
173.7	271	0	133	90	35	13	0	0	0	0	0
173.9	284	0	147	95	32	8	1	0	1	0	0
174.1	253	0	143	73	30	4	3	0	0	0	0
174.3	300	0	148	106	36	7	3	0	0	0	0
174.5	266	0	155	75	29	7	0	0	0	0	0
174.7	256	0	122	94	31	6	3	0	0	0	0
174.9	260	0	129	88	34	9	0	0	0	0	0
175.1	278	0	144	82	34	9	5	4	0	0	0
175.3	256	0	144	78	27	6	1	0	0	0	0
175.5	277	0	157	84	31	5	0	0	0	0	0
175.7	272	0	147	85	25	12	1	2	0	0	0
175.9	286	0	157	87	32	9	1	0	0	0	0
176.1	272	0	148	92	24	5	2	0	1	0	0
176.3	278	0	138	105	29	5	0	1	0	0	0
176.5	306	0	173	86	39	7	1	0	0	0	0
176.7	310	0	179	86	35	8	1	1	0	0	0
176.9	281	0	138	109	28	3	2	1	0	0	0
177.1	255	0	137	79	29	8	2	0	0	0	0
177.3	272	0	141	93	33	3	2	0	0	0	0
177.5	260	0	139	86	24	9	2	0	0	0	0
177.7	278	0	165	79	30	3	1	0	0	0	0
177.9	260	0	164	54	33	7	1	1	0	0	0
178.1	280	0	146	99	26	7	2	0	0	0	0
178.3	264	0	160	70	27	7	0	0	0	0	0
178.5	284	0	170	82	26	5	1	0	0	0	0
178.7	279	0	158	83	30	6	2	0	0	0	0
178.9	285	0	161	76	37	10	1	0	0	0	0
179.1	270	0	145	83	31	10	1	0	0	0	0
179.3	267	0	135	90	30	9	2	1	0	0	0
179.5	266	0	150	78	26	10	2	0	0	0	0
179.7	267	0	136	93	26	10	2	0	0	0	0
179.9	251	0	145	77	24	2	3	0	0	0	0
180.1	258	0	142	78	29	5	4	0	0	0	0
180.3	251	0	139	82	24	3	3	0	0	0	0
180.5	270	0	160	81	22	5	1	1	0	0	0
180.7	236	0	146	67	17	5	0	1	0	0	0
180.9	263	0	157	73	23	8	2	0	0	0	0
181.1	251	0	117	93	26	12	1	2	0	0	0
181.3	252	0	150	81	20	1	0	0	0	0	0
181.5	300	0	181	90	22	6	1	0	0	0	0
181.7	269	0	159	84	19	6	1	0	0	0	0
181.9	264	0	155	84	19	4	2	0	0	0	0
182.1	264	0	149	78	29	7	1	0	0	0	0
182.3	255	0	147	78	23	7	0	0	0	0	0
182.5	226	0	146	53	21	4	2	0	0	0	0
182.7	248	0	140	80	23	5	0	0	0	0	0
182.9	248	0	145	77	23	3	0	0	0	0	0
183.1	265	0	148	76	38	1	1	1	0	0	0
183.3	259	0	151	79	21	6	2	0	0	0	0
183.5	262	0	152	71	34	4	1	0	0	0	0
183.7	269	0	134	91	39	4	1	0	0	0	0
183.9	260	0	159	63	28	8	2	0	0	0	0
184.1	262	0	144	76	33	6	1	1	1	0	0
184.3	241	0	145	69	20	3	3	1	0	0	0
184.5	254	0	163	66	19	6	0	0	0	0	0
184.7	235	0	139	67	20	8	1	0	0	0	0
184.9	261	0	149	86	21	4	0	1	0	0	0
185.1	247	0	150	60	22	12	2	1	0	0	0
185.3	273	0	149	87	27	9	0	1	0	0	0
185.5	249	1	156	69	17	4	2	0	0	0	0
185.7	261	0	143	86	24	8	0	0	0	0	0
185.9	242	0	143	63	29	5	2	0	0	0	0
186.1	276	0	177	68	25	4	2	0	0	0	0
186.3	222	0	143	57	17	4	1	0	0	0	0
186.5	224	1	134	65	22	2	0	0	0	0	0
186.7	264	0	154	72	27	11	0	0	0	0	0
186.9	243	1	129	77	24	9	3	0	0	0	0
187.1	247	0	139	74	23	9	2	0	0	0	0
187.3	260	0	156	75	20	7	1	1	0	0	0
187.5	281	0	164	81	27	7	2	0	0	0	0
187.7	214	0	128	54	25	4	3	0	0	0	0
187.9	272	1	167	73	24	6	1	0	0	0	0
188.1	249	0	138	73	25	8	5	0	0	0	0
188.3	258	1	165	61	24	6	1	0	0	0	0
188.5	224	0	144	56	19	3	1	0	1	0	0
188.7	228	0	139	69	16	3	0	1	0	0	0
188.9	223	1	131	57	26	6	2	0	0	0	0
189.1	230	0	147	63	17	3	0	0	0	0	0
189.3	263	0	154	74	25	8	2	0	0	0	0
189.5	270	1	156	82	23	8	0	0	0	0	0
189.7	234	2	147	64	16	4	1	0	0	0	0
189.9	239	1	142	66	25	3	1	0	1	0	0
190.1	242	0	142	69	24	5	2	0	0	0	0
190.3	242	1	149	65	20	6	1	0	0	0	0
190.5	236	0	161	58	14	3	0	0	0	0	0
190.7	283	2	174	84	18	3	1	1	0	0	0
190.9	261	0	164	72	23	2	0	0	0	0	0
191.1	240	1	154	54	22	7	1	1	0	0	0
191.3	268	2	154	87	21	4	0	0	0	0	0
191.5	251	0	157	64	23	5	1	1	0	0	0
191.7	239	3	138	68	25	4	1	0	0	0	0
191.9	258	3	157	66	21	11	0	0	0	0	0
192.1	246	0	155	64	20	6	1	0	0	0	0
192.3	233	8	145	59	13	7	1	0	0	0	0
192.5	256	5	161	62	22	5	1	0	0	0	0
192.7	271	6	161	77	22	3	2	0	0	0	0
192.9	225	11	137	52	18	6	1	0	0	0	0
193.1	259	10	169	56	20	4	0	0	0	0	0
193.3	251	6	169	58	13	3	1	1	0	0	0
193.5	237	8	151	60	13	3	2	0	0	0	0
193.7	222	9	132	55	19	6	1	0	0	0	0
193.9	291	18	176	64	26	5	2	0	0	0	0
194.1	249	11	136	73	26	2	1	0	0	0	0
194.3	236	7	157	53	12	7	0	0	0	0	0
194.5	244	14	145	63	15	7	0	0	0	0	0
194.7	237	13	136	61	25	2	0	0	0	0	0
194.9	267	13	167	58	23	6	0	0	0	0	0
195.1	244	19	151	60	11	3	0	0	0	0	0
195.3	245	19	148	55	21	2	0	0	0	0	0
195.5	278	21	162	72	17	6	0	0	0	0	0
195.7	218	26	123	47	17	4	1	0	0	0	0
195.9	262	29	151	54	22	3	3	0	0	0	0
196.1	226	20	138	54	10	4	0	0	0	0	0
196.3	248	23	143	63	12	7	0	0	0	0	0
196.5	269	30	159	61	15	1	3	0	0	0	0
196.7	273	30	166	55	16	3	3	0	0	0	0
196.9	248	35	125	63	17	5	3	0	0	0	0
197.1	251	30	139	61	15	4	2	0	0	0	0
197.3	310	52	165	67	20	1	4	1	0	0	0
197.5	277	42	158	58	18	0	1	0	0	0	0
197.7	305	55	162	66	19	2	0	1	0	0	0
197.9	297	63	155	55	19	5	0	0	0	0	0
198.1	262	45	131	58	22	4	2	0	0	0	0
198.3	272	50	140	57	17	7	1	0	0	0	0
198.5	308	56	166	64	14	6	2	0	0	0	0
198.7	325	70	150	78	22	4	1	0	0	0	0
198.9	289	63	145	56	20	4	1	0	0	0	0
199.1	274	53	141	55	20	4	1	0	0	0	0
199.3	282	65	142	57	16	1	1	0	0	0	0
199.5	316	84	145	71	15	1	0	0	0	0	0
199.7	301	76	151	59	10	5	0	0	0	0	0
199.9	325	91	147	65	18	3	1	0	0	0	0
200.1	337	98	162	62	10	4	0	1	0	0	0
200.3	332	108	143	54	19	8	0	0	0	0	0
200.5	344	105	163	52	16	6	2	0	0	0	0
200.7	325	106	146	47	23	3	0	0	0	0	0
200.9	376	136	157	61	16	6	0	0	0	0	0
201.1	318	109	142	41	19	5	1	1	0	0	0
201.3	358	137	160	50	10	1	0	0	0	0	0
201.5	354	136	145	57	11	4	1	0	0	0	0
201.7	381	154	156	50	15	6	0	0	0	0	0
201.9	389	157	158	63	7	4	0	0	0	0	0
202.1	371	185	130	37	18	1	0	0	0	0	0
202.3	407	175	148	63	16	4	1	0	0	0	0
202.5	429	202	142	61	17	6	1	0	0	0	0
202.7	436	219	141	57	13	5	1	0	0	0	0
202.9	419	200	133	58	25	2	0	1	0	0	0
203.1	440	207	167	50	12	4	0	0	0	0	0
203.3	452	236	132	56	19	7	2	0	0	0	0
203.5	435	234	124	58	17	2	0	0	0	0	0
203.7	481	265	148	54	12	2	0	0	0	0	0
203.9	462	254	140	46	17	4	1	0	0	0	0
204.1	447	268	116	46	13	4	0	0	0	0	0
204.3	447	249	127	54	13	3	1	0	0	0	0
204.5	497	282	140	59	14	2	0	0	0	0	0
204.7	521	293	144	57	21	5	1	0	0	0	0
204.9	531	328	139	43	18	1	1	1	0	0	0
205.1	512	291	147	59	13	1	0	1	0	0	0
205.3	533	350	128	41	12	2	0	0	0	0	0
205.5	611	371	174	53	11	2	0	0	0	0	0
205.7	540	336	142	53	6	3	0	0	0	0	0
205.9	591	388	138	50	13	2	0	0	0	0	0
206.1	574	343	155	62	11	3	0	0	0	0	0
206.3	606	363	161	65	13	4	0	0	0	0	0
206.5	634	413	153	49	16	2	1	0	0	0	0
206.7	646	430	142	55	13	6	0	0	0	0	0
206.9	638	442	134	51	10	1	0	0	0	0	0
207.1	689	469	158	48	10	2	2	0	0	0	0
207.3	634	437	133	53	9	2	0	0	0	0	0
207.5	686	475	150	48	9	3	1	0	0	0	0
207.7	723	505	147	49	18	4	0	0	0	0	0
207.9	685	473	140	55	13	4	0	0	0	0	0
208.1	736	515	151	59	8	0	2	1	0	0	0
208.3	661	470	130	45	14	2	0	0	0	0	0
208.5	762	548	132	57	19	6	0	0	0	0	0
208.7	757	547	144	53	12	1	0	0	0	0	0
208.9	768	548	159	47	9	3	2	0	0	0	0
209.1	791	583	137	48	20	3	0	0	0	0	0
209.3	770	558	153	43	11	4	1	0	0	0	0
209.5	785	600	133	42	7	3	0	0	0	0	0
209.7	826	624	129	53	16	4	0	0	0	0	0
209.9	811	620	135	49	6	1	0	0	0	0	0
210.1	826	645	120	41	15	4	0	1	0	0	0
210.3	845	647	132	51	11	4	0	0	0	0	0
210.5	828	636	137	44	11	0	0	0	0	0	0
210.7	842	660	126	34	16	5	1	0	0	0	0
210.9	881	674	148	45	12	1	1	0	0	0	0
211.1	881	686	126	48	14	5	1	1	0	0	0
211.3	885	681	133	52	16	3	0	0	0	0	0
211.5	913	708	143	49	12	1	0	0	0	0	0
211.7	899	725	128	31	15	0	0	0	0	0	0
211.9	933	720	137	61	13	2	0	0	0	0	0
212.1	891	710	120	45	14	1	0	1	0	0	0
212.3	960	773	137	40	7	3	0	0	0	0	0
212.5	995	767	154	62	9	3	0	0	0	0	0
212.7	955	738	150	55	9	3	0	0	0	0	0
212.9	948	729	154	48	14	2	1	0	0	0	0
213.1	977	786	132	47	8	4	0	0	0	0	0
213.3	955	774	130	37	11	3	0	0	0	0	0
213.5	1017	791	162	50	11	3	0	0	0	0	0
213.7	976	788	127	49	9	2	1	0	0	0	0
213.9	1003	788	155	52	7	1	0	0	0	0	0
214.1	1018	795	145	59	16	3	0	0	0	0	0
214.3	1034	854	132	37	10	1	0	0	0	0	0
214.5	1023	823	153	34	13	0	0	0	0	0	0
214.7	1020	835	136	36	9	4	0	0	0	0	0
214.9	1054	849	146	49	7	2	1	0	0	0	0
215.1	1078	869	150	45	11	2	1	0	0	0	0
215.3	1056	852	130	56	9	9	0	0	0	0	0
215.5	1063	851	144	53	13	2	0	0	0	0	0
215.7	1039	849	130	44	14	2	0	0	0	0	0
215.9	1063	863	154	41	4	1	0	0	0	0	0
216.1	1015	835	116	52	12	0	0	0	0	0	0
216.3	1108	907	137	53	9	2	0	0	0	0	0
216.5	1077	860	147	51	15	3	0	1	0	0	0
216.7	1133	916	141	64	11	1	0	0	0	0	0
216.9	1112	904	162	38	7	1	0	0	0	0	0
217.1	1040	847	140	44	8	1	0	0	0	0	0
217.3	1074	882	140	43	8	1	0	0	0	0	0
217.5	983	804	132	34	12	1	0	0	0	0	0
217.7	1073	879	135	44	12	2	1	0	0	0	0
217.9	1034	864	122	37	9	1	1	0	0	0	0
218.1	1057	834	161	47	13	2	0	0	0	0	0
218.3	1113	924	141	41	6	1	0	0	0	0	0
218.5	1086	897	135	37	15	2	0	0	0	0	0
218.7	1084	922	116	33	8	3	2	0	0	0	0
218.9	1087	899	127	43	13	5	0	0	0	0	0
219.1	1072	906	120	38	7	0	0	1	0	0	0
219.3	1091	916	119	45	11	0	0	0	0	0	0
219.5	1042	867	119	46	8	1	1	0	0	0	0
219.7	1093	911	139	33	10	0	0	0	0	0	0
219.9	1060	856	151	40	9	1	2	1	0	0	0
220.1	1058	869	139	41	8	1	0	0	0	0	0
220.3	1044	864	135	34	7	3	1	0	0	0	0
220.5	1062	864	144	40	12	1	1	0	0	0	0
220.7	1074	891	123	52	7	1	0	0	0	0	0
220.9	1109	939	117	37	13	3	0	0	0	0	0
221.1	1055	855	155	34	9	2	0	0	0	0	0
221.3	1034	874	112	37	10	1	0	0	0	0	0
221.5	1045	851	129	49	13	2	1	0	0	0	0
221.7	988	815	112	39	17	4	1	0	0	0	0
221.9	1029	855	119	44	9	1	0	1	0	0	0
222.1	1045	847	139	49	7	1	1	0	1	0	0
222.3	1094	910	133	38	11	1	0	1	0	0	0
222.5	1056	864	146	40	4	2	0	0	0	0	0
222.7	1055	898	111	37	7	2	0	0	0	0	0
222.9	1139	915	155	49	14	6	0	0	0	0	0
223.1	1020	831	130	50	6	3	0	0	0	0	0
223.3	1051	852	147	43	7	2	0	0	0	0	0
223.5	1041	869	120	43	6	3	0	0	0	0	0
223.7	1076	894	133	37	10	2	0	0	0	0	0
223.9	992	812	131	40	7	2	0	0	0	0	0
224.1	1060	877	130	46	4	3	0	0	0	0	0
224.3	1074	853	160	43	15	3	0	0	0	0	0
224.5	1014	823	139	40	11	1	0	0	0	0	0
224.7	998	830	114	42	11	1	0	0	0	0	0
224.9	1005	830	130	37	8	0	0	0	0	0	0
225.1	1042	848	137	48	8	1	0	0	0	0	0
225.3	994	838	108	28	14	6	0	0	0	0	0
225.5	939	784	122	31	2	0	0	0	0	0	0
225.7	970	794	136	31	8	1	0	0	0	0	0
225.9	886	722	124	30	9	0	1	0	0	0	0
226.1	978	819	114	37	8	0	0	0	0	0	0
226.3	982	781	155	34	9	3	0	0	0	0	0
226.5	978	816	125	30	7	0	0	0	0	0	0
226.7	967	783	136	37	8	3	0	0	0	0	0
226.9	980	788	144	36	9	3	0	0	0	0	0
227.1	915	739	128	40	7	1	0	0	0	0	0
227.3	927	754	134	28	10	1	0	0	0	0	0
227.5	953	757	142	40	12	2	0	0	0	0	0
227.7	928	761	113	41	11	1	1	0	0	0	0
227.9	910	738	126	40	5	1	0	0	0	0	0
228.1	944	757	132	42	9	3	0	1	0	0	0
228.3	937	756	130	39	10	2	0	0	0	0	0
228.5	931	761	122	44	3	1	0	0	0	0	0
228.7	899	719	131	42	6	1	0	0	0	0	0
228.9	869	693	135	35	6	0	0	0	0	0	0
229.1	897	736	120	35	5	0	1	0	0	0	0
229.3	871	691	136	34	8	1	1	0	0	0	0
229.5	935	765	131	35	3	1	0	0	0	0	0
229.7	861	690	141	23	7	0	0	0	0	0	0
229.9	858	664	139	44	7	2	1	1	0	0	0
230.1	927	728	143	51	4	1	0	0	0	0	0
230.3	890	724	133	26	7	0	0	0	0	0	0
230.5	804	628	137	34	5	0	0	0	0	0	0
230.7	837	660	129	31	14	3	0	0	0	0	0
230.9	820	648	120	44	6	2	0	0	0	0	0
231.1	819	634	132	38	13	2	0	0	0	0	0
231.3	845	691	120	24	9	1	0	0	0	0	0
231.5	778	629	111	30	6	1	1	0	0	0	0
231.7	787	601	148	30	7	1	0	0	0	0	0
231.9	793	641	110	36	6	0	0	0	0	0	0
232.1	803	631	126	39	7	0	0	0	0	0	0
232.3	789	600	144	32	12	1	0	0	0	0	0
232.5	764	573	142	42	6	1	0	0	0	0	0
232.7	786	602	130	42	11	1	0	0	0	0	0
232.9	794	616	135	33	9	1	0	0	0	0	0
233.1	747	567	141	31	7	1	0	0	0	0	0
233.3	747	577	121	37	12	0	0	0	0	0	0
233.5	766	585	137	36	4	4	0	0	0	0	0
233.7	767	606	111	34	12	3	1	0	0	0	0
233.9	722	569	106	39	8	0	0	0	0	0	0
234.1	753	575	131	39	7	1	0	0	0	0	0
234.3	703	534	130	30	9	0	0	0	0	0	0
234.5	757	566	135	45	11	0	0	0	0	0	0
234.7	703	511	135	45	12	0	0	0	0	0	0
234.9	696	523	123	40	9	1	0	0	0	0	0
235.1	724	542	123	49	9	1	0	0	0	0	0
235.3	672	514	124	21	10	3	0	0	0	0	0
235.5	717	524	147	37	8	1	0	0	0	0	0
235.7	673	512	118	35	7	1	0	0	0	0	0
235.9	674	504	137	26	5	2	0	0	0	0	0
236.1	644	496	110	30	7	1	0	0	0	0	0
236.3	643	477	136	25	5	0	0	0	0	0	0
236.5	651	492	127	25	6	1	0	0	0	0	0
236.7	609	441	126	36	6	0	0	0	0	0	0
236.9	681	513	134	28	5	1	0	0	0	0	0
237.1	649	491	119	31	8	0	0	0	0	0	0
237.3	669	502	123	33	10	1	0	0	0	0	0
237.5	648	483	117	42	6	0	0	0	0	0	0
237.7	631	466	123	30	11	1	0	0	0	0	0
237.9	570	430	111	24	4	1	0	0	0	0	0
238.1	616	451	126	27	8	3	1	0	0	0	0
238.3	592	435	115	33	8	1	0	0	0	0	0
238.5	636	448	144	34	9	1	0	0	0	0	0
238.7	628	452	130	38	8	0	0	0	0	0	0
238.9	579	413	126	34	4	1	0	1	0	0	0
239.1	543	366	128	36	11	1	1	0	0	0	0
239.3	569	407	126	31	4	1	0	0	0	0	0
239.5	601	398	155	38	8	2	0	0	0	0	0
239.7	548	371	140	30	7	0	0	0	0	0	0
239.9	549	386	121	30	12	0	0	0	0	0	0
240.1	549	379	133	30	5	2	0	0	0	0	0
240.3	506	349	126	25	4	2	0	0	0	0	0
240.5	529	371	119	24	11	4	0	0	0	0	0
240.7	544	386	125	29	3	1	0	0	0	0	0
240.9	519	361	109	38	9	2	0	0	0	0	0
241.1	506	337	129	33	6	1	0	0	0	0	0
241.3	543	361	142	29	9	2	0	0	0	0	0
241.5	486	311	137	30	8	0	0	0	0	0	0
241.7	489	309	132	37	11	0	0	0	0	0	0
241.9	467	312	115	34	5	1	0	0	0	0	0
242.1	458	282	138	24	11	3	0	0	0	0	0
242.3	431	265	131	29	4	2	0	0	0	0	0
242.5	469	309	120	35	4	1	0	0	0	0	0
242.7	446	283	124	33	4	1	1	0	0	0	0
242.9	446	290	120	28	6	1	1	0	0	0	0
243.1	427	265	120	30	11	1	0	0	0	0	0
243.3	405	245	120	33	6	1	0	0	0	0	0
243.5	416	257	123	27	8	0	1	0	0	0	0
243.7	411	252	120	36	2	1	0	0	0	0	0
243.9	432	255	135	31	11	0	0	0	0	0	0
244.1	390	225	123	30	11	1	0	0	0	0	0
244.3	416	248	131	30	7	0	0	0	0	0	0
244.5	396	235	125	33	2	1	0	0	0	0	0
244.7	408	246	123	27	9	2	1	0	0	0	0
244.9	368	211	124	26	7	0	0	0	0	0	0
245.1	381	218	126	29	6	2	0	0	0	0	0
245.3	358	204	121	32	1	0	0	0	0	0	0
245.5	393	229	120	34	9	1	0	0	0	0	0
245.7	366	214	116	29	6	1	0	0	0	0	0
245.9	371	194	148	25	4	0	0	0	0	0	0
246.1	363	197	142	20	3	1	0	0	0	0	0
246.3	348	177	127	35	8	1	0	0	0	0	0
246.5	331	178	115	30	8	0	0	0	0	0	0
246.7	348	173	136	35	2	2	0	0	0	0	0
246.9	341	190	120	22	8	1	0	0	0	0	0
247.1	296	153	102	32	7	2	0	0	0	0	0
247.3	295	145	116	24	8	2	0	0	0	0	0
247.5	326	164	131	24	7	0	0	0	0	0	0
247.7	280	132	120	25	3	0	0	0	0	0	0
247.9	277	135	112	24	5	1	0	0	0	0	0
248.1	284	134	116	24	9	0	0	1	0	0	0
248.3	295	127	124	38	6	0	0	0	0	0	0
248.5	297	129	144	18	5	1	0	0	0	0	0
248.7	269	118	119	23	9	0	0	0	0	0	0
248.9	263	114	120	23	5	1	0	0	0	0	0
249.1	275	118	121	31	3	2	0	0	0	0	0
249.3	262	103	116	32	9	2	0	0	0	0	0
249.5	258	99	123	28	6	2	0	0	0	0	0
249.7	249	100	116	29	3	1	0	0	0	0	0
249.9	241	93	113	27	7	1	0	0	0	0	0
250.1	217	62	126	21	8	0	0	0	0	0	0
250.3	251	96	117	30	7	1	0	0	0	0	0
250.5	217	74	119	22	2	0	0	0	0	0	0
250.7	236	77	127	25	7	0	0	0	0	0	0
250.9	224	80	111	30	3	0	0	0	0	0	0
251.1	237	65	146	15	10	1	0	0	0	0	0
251.3	250	81	142	24	3	0	0	0	0	0	0
251.5	231	51	150	23	7	0	0	0	0	0	0
251.7	241	64	143	28	6	0	0	0	0	0	0
251.9	227	68	120	28	9	2	0	0	0	0	0
252.1	224	55	135	32	1	1	0	0	0	0	0
252.3	212	49	131	30	1	0	1	0	0	0	0
252.5	244	76	138	27	2	1	0	0	0	0	0
252.7	172	47	102	19	4	0	0	0	0	0	0
252.9	207	47	124	26	7	2	1	0	0	0	0
253.1	202	44	130	26	2	0	0	0	0	0	0
253.3	190	49	115	19	6	1	0	0	0	0	0
253.5	202	40	124	32	6	0	0	0	0	0	0
253.7	189	38	126	21	4	0	0	0	0	0	0
253.9	179	39	119	17	3	1	0	0	0	0	0
254.1	194	40	111	38	5	0	0	0	0	0	0
254.3	164	31	110	18	4	1	0	0	0	0	0
254.5	163	25	107	23	8	0	0	0	0	0	0
254.7	197	26	132	36	2	1	0	0	0	0	0
254.9	181	27	133	18	3	0	0	0	0	0	0
255.1	154	26	105	22	1	0	0	0	0	0	0
255.3	162	21	113	24	4	0	0	0	0	0	0
255.5	184	32	123	23	6	0	0	0	0	0	0
255.7	169	27	115	23	3	1	0	0	0	0	0
255.9	173	19	122	25	7	0	0	0	0	0	0
256.1	163	23	108	30	2	0	0	0	0	0	0
256.3	156	28	98	25	5	0	0	0	0	0	0
256.5	157	11	119	25	1	0	1	0	0	0	0
256.7	154	13	114	23	4	0	0	0	0	0	0
256.9	147	14	104	24	4	1	0	0	0	0	0
257.1	162	14	114	31	3	0	0	0	0	0	0
257.3	153	8	117	23	4	1	0	0	0	0	0
257.5	153	13	115	23	1	1	0	0	0	0	0
257.7	154	19	110	21	3	1	0	0	0	0	0
257.9	140	8	104	23	5	0	0	0	0	0	0
258.1	149	10	106	29	4	0	0	0	0	0	0
258.3	132	11	101	19	1	0	0	0	0	0	0
258.5	140	10	105	21	1	2	1	0	0	0	0
258.7	149	6	118	17	5	2	1	0	0	0	0
258.9	147	11	112	22	2	0	0	0	0	0	0
259.1	125	5	102	16	2	0	0	0	0	0	0
259.3	168	6	140	17	4	1	0	0	0	0	0
259.5	164	5	128	25	5	1	0	0	0	0	0
259.7	147	7	118	16	6	0	0	0	0	0	0
259.9	153	5	127	18	3	0	0	0	0	0	0
260.1	119	1	101	13	4	0	0	0	0	0	0
260.3	153	5	112	30	4	0	2	0	0	0	0
260.5	134	4	109	20	1	0	0	0	0	0	0
260.7	123	4	94	21	4	0	0	0	0	0	0
260.9	142	4	116	17	5	0	0	0	0	0	0
261.1	122	3	85	25	8	1	0	0	0	0	0
261.3	128	5	99	21	3	0	0	0	0	0	0
261.5	139	2	115	20	2	0	0	0	0	0	0
261.7	124	0	103	16	5	0	0	0	0	0	0
261.9	123	2	97	21	2	0	1	0	0	0	0
262.1	154	3	124	23	4	0	0	0	0	0	0
262.3	144	4	115	24	0	1	0	0	0	0	0
262.5	123	1	108	12	2	0	0	0	0	0	0
262.7	130	0	106	20	2	1	1	0	0	0	0
262.9	126	3	99	18	6	0	0	0	0	0	0
263.1	124	3	100	18	3	0	0	0	0	0	0
263.3	128	1	105	19	3	0	0	0	0	0	0
263.5	129	0	102	21	6	0	0	0	0	0	0
263.7	130	0	105	24	1	0	0	0	0	0	0
263.9	136	0	111	20	5	0	0	0	0	0	0
264.1	134	1	107	19	5	2	0	0	0	0	0
264.3	113	0	96	16	1	0	0	0	0	0	0
264.5	131	2	107	20	2	0	0	0	0	0	0
264.7	148	1	120	24	3	0	0	0	0	0	0
264.9	129	0	106	19	4	0	0	0	0	0	0
265.1	136	1	103	28	4	0	0	0	0	0	0
265.3	117	0	92	21	2	1	1	0	0	0	0
265.5	120	1	101	18	0	0	0	0	0	0	0
265.7	122	2	92	26	2	0	0	0	0	0	0
265.9	126	1	104	19	1	1	0	0	0	0	0
266.1	116	0	94	18	4	0	0	0	0	0	0
266.3	111	0	91	14	6	0	0	0	0	0	0
266.5	115	0	92	19	3	1	0	0	0	0	0
266.7	116	0	96	18	2	0	0	0	0	0	0
266.9	108	0	82	23	2	1	0	0	0	0	0
267.1	120	0	95	21	4	0	0	0	0	0	0
267.3	125	0	102	18	5	0	0	0	0	0	0
267.5	115	0	93	21	0	1	0	0	0	0	0
267.7	98	0	77	17	3	1	0	0	0	0	0
267.9	121	0	98	20	3	0	0	0	0	0	0
268.1	113	0	96	15	2	0	0	0	0	0	0
268.3	140	0	117	19	4	0	0	0	0	0	0
268.5	120	0	93	22	4	1	0	0	0	0	0
268.7	126	0	109	13	3	1	0	0	0	0	0
268.9	102	0	77	21	3	0	1	0	0	0	0
269.1	119	0	97	17	4	0	1	0	0	0	0
269.3	114	0	92	17	3	2	0	0	0	0	0
269.5	109	0	87	20	2	0	0	0	0	0	0
269.7	102	0	88	13	0	1	0	0	0	0	0
269.9	111	0	94	13	4	0	0	0	0	0	0
270.1	109	0	89	19	1	0	0	0	0	0	0
270.3	112	0	91	20	1	0	0	0	0	0	0
270.5	103	0	82	18	3	0	0	0	0	0	0
270.7	118	0	94	22	1	1	0	0	0	0	0
270.9	92	0	73	16	3	0	0	0	0	0	0
271.1	130	0	100	25	5	0	0	0	0	0	0
271.3	115	0	85	27	3	0	0	0	0	0	0
271.5	105	1	86	16	2	0	0	0	0	0	0
271.7	114	0	87	22	4	1	0	0	0	0	0
271.9	107	0	77	24	6	0	0	0	0	0	0
272.1	104	0	84	18	2	0	0	0	0	0	0
272.3	105	0	81	23	1	0	0	0	0	0	0
272.5	99	0	81	16	2	0	0	0	0	0	0
272.7	103	0	89	9	5	0	0	0	0	0	0
272.9	101	0	84	14	3	0	0	0	0	0	0
273.1	81	0	69	10	2	0	0	0	0	0	0
273.3	93	0	70	21	2	0	0	0	0	0	0
273.5	101	0	79	19	3	0	0	0	0	0	0
273.7	97	0	81	15	1	0	0	0	0	0	0
273.9	113	0	91	21	0	1	0	0	0	0	0
274.1	87	0	73	11	3	0	0	0	0	0	0
274.3	97	0	84	10	2	0	1	0	0	0	0
274.5	106	0	82	20	4	0	0	0	0	0	0
274.7	94	0	78	14	2	0	0	0	0	0	0
274.9	87	0	74	13	0	0	0	0	0	0	0
275.1	83	0	67	15	1	0	0	0	0	0	0
275.3	80	0	66	12	1	1	0	0	0	0	0
275.5	104	0	79	24	1	0	0	0	0	0	0
275.7	90	0	64	21	4	0	1	0	0	0	0
275.9	89	0	71	16	2	0	0	0	0	0	0
276.1	95	0	80	12	3	0	0	0	0	0	0
276.3	82	0	65	15	2	0	0	0	0	0	0
276.5	87	0	65	18	4	0	0	0	0	0	0
276.7	64	0	55	8	1	0	0	0	0	0	0
276.9	85	0	63	18	4	0	0	0	0	0	0
277.1	94	0	80	10	4	0	0	0	0	0	0
277.3	75	0	62	9	4	0	0	0	0	0	0
277.5	61	0	54	6	1	0	0	0	0	0	0
277.7	83	0	66	15	2	0	0	0	0	0	0
277.9	80	0	61	18	1	0	0	0	0	0	0
278.1	81	0	66	8	6	1	0	0	0	0	0
278.3	81	0	65	14	2	0	0	0	0	0	0
278.5	84	0	63	15	5	1	0	0	0	0	0
278.7	95	0	71	23	1	0	0	0	0	0	0
278.9	89	0	65	22	2	0	0	0	0	0	0
279.1	78	0	58	18	1	1	0	0	0	0	0
279.3	88	0	77	9	2	0	0	0	0	0	0
279.5	88	0	64	23	1	0	0	0	0	0	0
279.7	87	0	64	18	5	0	0	0	0	0	0
279.9	89	0	70	18	1	0	0	0	0	0	0
280.1	72	0	46	22	2	2	0	0	0	0	0
280.3	101	0	77	19	5	0	0	0	0	0	0
280.5	90	0	66	19	4	1	0	0	0	0	0
280.7	82	0	66	11	5	0	0	0	0	0	0
280.9	76	0	66	10	0	0	0	0	0	0	0
281.1	87	0	73	12	2	0	0	0	0	0	0
281.3	77	0	65	11	1	0	0	0	0	0	0
281.5	64	0	51	12	1	0	0	0	0	0	0
281.7	56	0	42	9	5	0	0	0	0	0	0
281.9	75	0	62	10	3	0	0	0	0	0	0
282.1	77	0	58	17	2	0	0	0	0	0	0
282.3	73	0	62	9	1	1	0	0	0	0	0
282.5	75	0	61	12	2	0	0	0	0	0	0
282.7	86	0	64	20	2	0	0	0	0	0	0
282.9	73	0	61	9	3	0	0	0	0	0	0
283.1	74	0	66	8	0	0	0	0	0	0	0
283.3	60	0	47	12	1	0	0	0	0	0	0
283.5	74	0	60	11	3	0	0	0	0	0	0
283.7	64	0	48	11	4	1	0	0	0	0	0
283.9	70	0	53	16	1	0	0	0	0	0	0
284.1	82	0	65	16	1	0	0	0	0	0	0
284.3	56	0	46	9	1	0	0	0	0	0	0
284.5	77	0	61	15	1	0	0	0	0	0	0
284.7	77	0	62	14	1	0	0	0	0	0	0
284.9	65	0	49	14	2	0	0	0	0	0	0
285.1	65	0	49	14	2	0	0	0	0	0	0
285.3	59	0	48	10	1	0	0	0	0	0	0
285.5	64	0	45	17	2	0	0	0	0	0	0
285.7	79	0	53	23	3	0	0	0	0	0	0
285.9	72	0	58	11	3	0	0	0	0	0	0
286.1	62	0	50	11	1	0	0	0	0	0	0
286.3	67	0	48	14	4	1	0	0	0	0	0
286.5	65	0	54	9	2	0	0	0	0	0	0
286.7	60	0	46	11	3	0	0	0	0	0	0
286.9	60	0	50	10	0	0	0	0	0	0	0
287.1	70	0	53	12	5	0	0	0	0	0	0
287.3	64	0	48	12	4	0	0	0	0	0	0
287.5	57	0	45	11	1	0	0	0	0	0	0
287.7	43	0	32	10	1	0	0	0	0	0	0
287.9	53	0	38	14	0	1	0	0	0	0	0
288.1	52	0	41	8	2	1	0	0	0	0	0
288.3	60	0	48	11	1	0	0	0	0	0	0
288.5	61	0	41	17	3	0	0	0	0	0	0
288.7	60	0	47	8	3	2	0	0	0	0	0
288.9	63	0	46	16	1	0	0	0	0	0	0
289.1	53	0	44	8	0	1	0	0	0	0	0
289.3	45	0	31	12	1	1	0	0	0	0	0
289.5	44	0	32	10	2	0	0	0	0	0	0
289.7	47	0	39	8	0	0	0	0	0	0	0
289.9	53	0	42	10	1	0	0	0	0	0	0
290.1	57	0	46	9	2	0	0	0	0	0	0
290.3	56	0	39	14	2	1	0	0	0	0	0
290.5	46	0	34	10	2	0	0	0	0	0	0
290.7	47	0	38	8	1	0	0	0	0	0	0
290.9	57	0	42	13	2	0	0	0	0	0	0
291.1	52	0	37	15	0	0	0	0	0	0	0
291.3	54	0	37	17	0	0	0	0	0	0	0
291.5	38	0	31	6	1	0	0	0	0	0	0
291.7	39	0	26	11	2	0	0	0	0	0	0
291.9	37	0	30	7	0	0	0	0	0	0	0
292.1	57	0	38	15	4	0	0	0	0	0	0
292.3	40	0	29	9	2	0	0	0	0	0	0
292.5	36	0	31	4	0	1	0	0	0	0	0
292.7	49	0	33	13	2	1	0	0	0	0	0
292.9	47	0	34	13	0	0	0	0	0	0	0
293.1	43	0	31	11	1	0	0	0	0	0	0
293.3	42	0	27	14	1	0	0	0	0	0	0
293.5	52	0	40	10	2	0	0	0	0	0	0
293.7	48	0	36	11	1	0	0	0	0	0	0
293.9	31	0	24	7	0	0	0	0	0	0	0
294.1	49	0	28	17	4	0	0	0	0	0	0
294.3	44	0	28	13	3	0	0	0	0	0	0
294.5	40	0	27	10	3	0	0	0	0	0	0
294.7	37	0	25	11	0	1	0	0	0	0	0
294.9	41	0	28	9	4	0	0	0	0	0	0
295.1	42	0	30	11	1	0	0	0	0	0	0
295.3	51	0	34	15	2	0	0	0	0	0	0
295.5	32	0	21	9	2	0	0	0	0	0	0
295.7	43	0	35	6	2	0	0	0	0	0	0
295.9	38	0	26	12	0	0	0	0	0	0	0
296.1	39	0	31	8	0	0	0	0	0	0	0
296.3	36	0	25	11	0	0	0	0	0	0	0
296.5	37	0	28	8	1	0	0	0	0	0	0
296.7	41	0	22	17	2	0	0	0	0	0	0
296.9	36	0	25	11	0	0	0	0	0	0	0
297.1	29	0	22	7	0	0	0	0	0	0	0
297.3	34	0	25	8	1	0	0	0	0	0	0
297.5	38	0	26	10	2	0	0	0	0	0	0
297.7	41	0	30	9	2	0	0	0	0	0	0
297.9	32	0	24	8	0	0	0	0	0	0	0
298.1	32	0	18	13	1	0	0	0	0	0	0
298.3	27	0	17	7	3	0	0	0	0	0	0
298.5	36	0	24	11	1	0	0	0	0	0	0
298.7	30	0	19	11	0	0	0	0	0	0	0
298.9	30	0	16	12	2	0	0	0	0	0	0
299.1	34	0	25	8	1	0	0	0	0	0	0
299.3	32	0	21	11	0	0	0	0	0	0	0
299.5	35	0	24	10	1	0	0	0	0	0	0
299.7	27	0	16	9	2	0	0	0	0	0	0
299.9	25	0	17	6	2	0	0	0	0	0	0
300.1	26	0	20	5	1	0	0	0	0	0	0
300.3	22	0	12	6	4	0	0	0	0	0	0
300.5	32	0	21	9	2	0	0	0	0	0	0
300.7	41	0	23	13	5	0	0	0	0	0	0
300.9	25	0	17	7	1	0	0	0	0	0	0
301.1	30	0	22	8	0	0	0	0	0	0	0
301.3	20	0	11	7	2	0	0	0	0	0	0
301.5	26	0	21	5	0	0	0	0	0	0	0
301.7	31	0	23	5	2	1	0	0	0	0	0
301.9	25	0	14	9	1	1	0	0	0	0	0
302.1	29	0	13	15	1	0	0	0	0	0	0
302.3	32	0	20	9	2	1	0	0	0	0	0
302.5	26	0	18	5	3	0	0	0	0	0	0
302.7	35	0	24	9	1	1	0	0	0	0	0
302.9	34	0	17	15	2	0	0	0	0	0	0
303.1	22	0	12	8	2	0	0	0	0	0	0
303.3	24	0	13	11	0	0	0	0	0	0	0
303.5	25	0	12	12	1	0	0	0	0	0	0
303.7	15	0	10	5	0	0	0	0	0	0	0
303.9	33	0	20	12	1	0	0	0	0	0	0
304.1	21	0	15	6	0	0	0	0	0	0	0
304.3	27	0	15	9	3	0	0	0	0	0	0
304.5	21	0	15	5	1	0	0	0	0	0	0
304.7	34	0	20	11	3	0	0	0	0	0	0
304.9	32	0	24	8	0	0	0	0	0	0	0
305.1	18	0	10	6	2	0	0	0	0	0	0
305.3	29	0	19	9	1	0	0	0	0	0	0
305.5	11	0	4	7	0	0	0	0	0	0	0
305.7	22	0	14	7	1	0	0	0	0	0	0
305.9	18	0	10	7	1	0	0	0	0	0	0
306.1	25	0	13	11	1	0	0	0	0	0	0
306.3	18	0	12	5	1	0	0	0	0	0	0
306.5	23	0	14	7	2	0	0	0	0	0	0
306.7	29	0	12	16	1	0	0	0	0	0	0
306.9	20	0	8	8	4	0	0	0	0	0	0
307.1	20	0	12	8	0	0	0	0	0	0	0
307.3	20	0	11	8	1	0	0	0	0	0	0
307.5	19	0	7	9	3	0	0	0	0	0	0
307.7	16	0	8	6	2	0	0	0	0	0	0
307.9	12	0	6	5	1	0	0	0	0	0	0
308.1	22	0	7	12	3	0	0	0	0	0	0
308.3	21	0	12	8	1	0	0	0	0	0	0
308.5	23	0	13	9	1	0	0	0	0	0	0
308.7	19	0	7	9	3	0	0	0	0	0	0
308.9	16	0	8	7	1	0	0	0	0	0	0
309.1	25	0	13	12	0	0	0	0	0	0	0
309.3	10	0	3	6	1	0	0	0	0	0	0
309.5	13	0	6	5	2	0	0	0	0	0	0
309.7	16	0	12	2	2	0	0	0	0	0	0
309.9	18	0	8	8	2	0	0	0	0	0	0
310.1	13	0	6	5	2	0	0	0	0	0	0
310.3	9	0	3	6	0	0	0	0	0	0	0
310.5	18	0	8	10	0	0	0	0	0	0	0
310.7	12	0	4	6	2	0	0	0	0	0	0
310.9	11	0	5	5	0	1	0	0	0	0	0
311.1	11	0	4	6	1	0	0	0	0	0	0
311.3	14	0	4	10	0	0	0	0	0	0	0
311.5	17	0	8	8	1	0	0	0	0	0	0
311.7	17	0	8	8	1	0	0	0	0	0	0
311.9	14	0	9	3	2	0	0	0	0	0	0
312.1	18	0	11	6	0	1	0	0	0	0	0
312.3	16	0	8	8	0	0	0	0	0	0	0
312.5	9	0	4	5	0	0	0	0	0	0	0
312.7	7	0	3	4	0	0	0	0	0	0	0
312.9	14	0	9	3	2	0	0	0	0	0	0
313.1	14	0	4	9	1	0	0	0	0	0	0
313.3	14	0	6	6	2	0	0	0	0	0	0
313.5	18	0	12	6	0	0	0	0	0	0	0
313.7	9	0	3	5	1	0	0	0	0	0	0
313.9	8	0	4	3	0	1	0	0	0	0	0
314.1	15	0	7	5	2	1	0	0	0	0	0
314.3	11	0	4	6	1	0	0	0	0	0	0
314.5	9	0	2	6	1	0	0	0	0	0	0
314.7	12	0	7	4	0	1	0	0	0	0	0
314.9	10	0	5	4	1	0	0	0	0	0	0
315.1	5	0	3	1	1	0	0	0	0	0	0
315.3	8	0	4	3	1	0	0	0	0	0	0
315.5	10	0	3	5	2	0	0	0	0	0	0
315.7	10	0	1	6	3	0	0	0	0	0	0
315.9	11	0	3	7	1	0	0	0	0	0	0
316.1	9	0	3	5	1	0	0	0	0	0	0
316.3	8	0	3	5	0	0	0	0	0	0	0
316.5	10	0	3	6	1	0	0	0	0	0	0
316.7	9	0	2	7	0	0	0	0	0	0	0
316.9	3	0	1	2	0	0	0	0	0	0	0
317.1	7	0	4	2	1	0	0	0	0	0	0
317.3	15	0	4	7	4	0	0	0	0	0	0
317.5	10	0	4	3	3	0	0	0	0	0	0
317.7	9	0	4	5	0	0	0	0	0	0	0
317.9	6	0	3	3	0	0	0	0	0	0	0
318.1	6	0	2	3	1	0	0	0	0	0	0
318.3	14	0	8	4	2	0	0	0	0	0	0
318.5	8	0	2	6	0	0	0	0	0	0	0
318.7	6	0	3	3	0	0	0	0	0	0	0
318.9	4	0	1	3	0	0	0	0	0	0	0
319.1	10	0	4	5	1	0	0	0	0	0	0
319.3	5	0	2	2	1	0	0	0	0	0	0
319.5	8	0	1	5	1	1	0	0	0	0	0
319.7	10	0	5	5	0	0	0	0	0	0	0
319.9	8	0	2	6	0	0	0	0	0	0	0
320.1	12	0	4	8	0	0	0	0	0	0	0
320.3	9	0	1	7	1	0	0	0	0	0	0
320.5	9	0	1	7	1	0	0	0	0	0	0
320.7	9	0	0	7	2	0	0	0	0	0	0
320.9	11	0	1	9	1	0	0	0	0	0	0
321.1	2	0	0	2	0	0	0	0	0	0	0
321.3	6	0	3	2	1	0	0	0	0	0	0
321.5	6	0	2	3	1	0	0	0	0	0	0
321.7	3	0	1	2	0	0	0	0	0	0	0
321.9	3	0	0	3	0	0	0	0	0	0	0
322.1	3	0	1	2	0	0	0	0	0	0	0
322.3	6	0	1	5	0	0	0	0	0	0	0
322.5	3	0	2	1	0	0	0	0	0	0	0
322.7	7	0	0	5	2	0	0	0	0	0	0
322.9	8	0	2	5	1	0	0	0	0	0	0
323.1	8	0	0	7	1	0	0	0	0	0	0
323.3	3	0	1	2	0	0	0	0	0	0	0
323.5	3	0	0	3	0	0	0	0	0	0	0
323.7	5	0	2	3	0	0	0	0	0	0	0
323.9	0	0	0	0	0	0	0	0	0	0	0
324.1	5	0	1	4	0	0	0	0	0	0	0
324.3	3	0	0	3	0	0	0	0	0	0	0
324.5	8	0	2	5	1	0	0	0	0	0	0
324.7	4	0	1	3	0	0	0	0	0	0	0
324.9	2	0	1	1	0	0	0	0	0	0	0
325.1	3	0	1	0	2	0	0	0	0	0	0
325.3	3	0	0	2	1	0	0	0	0	0	0
325.5	3	0	1	1	1	0	0	0	0	0	0
325.7	6	0	0	5	1	0	0	0	0	0	0
325.9	8	0	0	7	1	0	0	0	0	0	0
326.1	4	0	0	3	1	0	0	0	0	0	0
326.3	4	0	1	3	0	0	0	0	0	0	0
326.5	5	0	0	5	0	0	0	0	0	0	0
326.7	3	0	1	2	0	0	0	0	0	0	0
326.9	5	0	0	2	2	1	0	0	0	0	0
327.1	2	0	1	1	0	0	0	0	0	0	0
327.3	2	0	0	2	0	0	0	0	0	0	0
327.5	3	0	0	3	0	0	0	0	0	0	0
327.7	4	0	1	3	0	0	0	0	0	0	0
327.9	2	0	0	2	0	0	0	0	0	0	0
328.1	3	0	0	3	0	0	0	0	0	0	0
328.3	2	0	1	1	0	0	0	0	0	0	0
328.5	7	0	1	6	0	0	0	0	0	0	0
328.7	5	0	0	4	0	1	0	0	0	0	0
328.9	2	0	0	2	0	0	0	0	0	0	0
329.1	4	0	0	3	1	0	0	0	0	0	0
329.3	5	0	0	5	0	0	0	0	0	0	0
329.5	4	0	1	3	0	0	0	0	0	0	0
329.7	4	0	0	2	2	0	0	0	0	0	0
329.9	6	0	1	4	1	0	0	0	0	0	0
330.1	3	0	0	2	1	0	0	0	0	0	0
330.3	6	0	0	5	1	0	0	0	0	0	0
330.5	3	0	1	1	1	0	0	0	0	0	0
330.7	4	0	0	4	0	0	0	0	0	0	0
330.9	2	0	0	2	0	0	0	0	0	0	0
331.1	2	0	0	2	0	0	0	0	0	0	0
331.3	1	0	0	1	0	0	0	0	0	0	0
331.5	3	0	0	0	2	1	0	0	0	0	0
331.7	0	0	0	0	0	0	0	0	0	0	0
331.9	6	0	0	5	1	0	0	0	0	0	0
332.1	2	0	0	1	1	0	0	0	0	0	0
332.3	2	0	0	0	2	0	0	0	0	0	0
332.5	5	0	0	5	0	0	0	0	0	0	0
332.7	3	0	0	3	0	0	0	0	0	0	0
332.9	2	0	1	1	0	0	0	0	0	0	0
333.1	1	0	0	1	0	0	0	0	0	0	0
333.3	4	0	0	3	1	0	0	0	0	0	0
333.5	4	0	0	3	1	0	0	0	0	0	0
333.7	1	0	0	1	0	0	0	0	0	0	0
333.9	3	0	0	3	0	0	0	0	0	0	0
334.1	4	0	0	3	1	0	0	0	0	0	0
334.3	7	0	0	6	1	0	0	0	0	0	0
334.5	2	0	0	2	0	0	0	0	0	0	0
334.7	4	0	0	4	0	0	0	0	0	0	0
334.9	1	0	0	1	0	0	0	0	0	0	0
335.1	4	0	0	4	0	0	0	0	0	0	0
335.3	2	0	0	1	0	1	0	0	0	0	0
335.5	2	0	0	2	0	0	0	0	0	0	0
335.7	2	0	0	2	0	0	0	0	0	0	0
335.9	3	0	1	2	0	0	0	0	0	0	0
336.1	3	0	0	2	1	0	0	0	0	0	0
336.3	4	0	1	3	0	0	0	0	0	0	0
336.5	4	0	0	4	0	0	0	0	0	0	0
336.7	4	0	0	3	1	0	0	0	0	0	0
336.9	0	0	0	0	0	0	0	0	0	0	0
337.1	2	0	0	1	1	0	0	0	0	0	0
337.3	1	0	0	1	0	0	0	0	0	0	0
337.5	3	0	0	2	1	0	0	0	0	0	0
337.7	3	0	0	2	1	0	0	0	0	0	0
337.9	1	0	0	0	1	0	0	0	0	0	0
338.1	1	0	0	1	0	0	0	0	0	0	0
338.3	2	0	0	2	0	0	0	0	0	0	0
338.5	1	0	0	1	0	0	0	0	0	0	0
338.7	1	0	0	0	1	0	0	0	0	0	0
338.9	2	0	0	2	0	0	0	0	0	0	0
339.1	1	0	0	1	0	0	0	0	0	0	0
339.3	2	0	0	2	0	0	0	0	0	0	0
339.5	2	0	0	1	1	0	0	0	0	0	0
339.7	5	0	0	2	2	1	0	0	0	0	0
339.9	2	0	0	2	0	0	0	0	0	0	0
340.1	2	0	0	1	1	0	0	0	0	0	0
340.3	2	0	0	2	0	0	0	0	0	0	0
340.5	5	0	0	5	0	0	0	0	0	0	0
340.7	2	0	0	1	1	0	0	0	0	0	0
340.9	1	0	0	1	0	0	0	0	0	0	0
341.1	5	0	0	5	0	0	0	0	0	0	0
341.3	4	0	0	2	2	0	0	0	0	0	0
341.5	2	0	0	2	0	0	0	0	0	0	0
341.7	1	0	0	1	0	0	0	0	0	0	0
341.9	1	0	0	1	0	0	0	0	0	0	0
342.1	3	0	0	2	1	0	0	0	0	0	0
342.3	2	0	0	1	1	0	0	0	0	0	0
342.5	1	0	0	1	0	0	0	0	0	0	0
342.7	1	0	0	1	0	0	0	0	0	0	0
342.9	1	0	0	1	0	0	0	0	0	0	0
343.1	2	0	0	2	0	0	0	0	0	0	0
343.3	2	0	0	2	0	0	0	0	0	0	0
343.5	2	0	0	1	1	0	0	0	0	0	0
343.7	2	0	0	2	0	0	0	0	0	0	0
343.9	2	0	0	1	1	0	0	0	0	0	0
344.1	0	0	0	0	0	0	0	0	0	0	0
344.3	0	0	0	0	0	0	0	0	0	0	0
344.5	1	0	0	1	0	0	0	0	0	0	0
344.7	2	0	0	2	0	0	0	0	0	0	0
344.9	3	0	0	3	0	0	0	0	0	0	0
345.1	4	0	0	1	3	0	0	0	0	0	0
345.3	1	0	0	1	0	0	0	0	0	0	0
345.5	1	0	0	0	1	0	0	0	0	0	0
345.7	3	0	0	3	0	0	0	0	0	0	0
345.9	1	0	0	1	0	0	0	0	0	0	0
346.1	3	0	0	3	0	0	0	0	0	0	0
346.3	1	0	0	1	0	0	0	0	0	0	0
346.5	1	0	0	1	0	0	0	0	0	0	0
346.7	1	0	0	1	0	0	0	0	0	0	0
346.9	2	0	0	1	1	0	0	0	0	0	0
347.1	1	0	0	1	0	0	0	0	0	0	0
347.3	1	0	0	1	0	0	0	0	0	0	0
347.5	0	0	0	0	0	0	0	0	0	0	0
347.7	0	0	0	0	0	0	0	0	0	0	0
347.9	0	0	0	0	0	0	0	0	0	0	0
348.1	5	0	0	5	0	0	0	0	0	0	0
348.3	1	0	0	1	0	0	0	0	0	0	0
348.5	0	0	0	0	0	0	0	0	0	0	0
348.7	2	0	0	2	0	0	0	0	0	0	0
348.9	3	0	0	3	0	0	0	0	0	0	0
349.1	1	0	0	0	0	1	0	0	0	0	0
349.3	0	0	0	0	0	0	0	0	0	0	0
349.5	3	0	0	3	0	0	0	0	0	0	0
349.7	0	0	0	0	0	0	0	0	0	0	0
349.9	1	0	0	1	0	0	0	0	0	0	0
350.1	0	0	0	0	0	0	0	0	0	0	0
350.3	0	0	0	0	0	0	0	0	0	0	0
350.5	1	0	0	0	1	0	0	0	0	0	0
350.7	1	0	0	1	0	0	0	0	0	0	0
350.9	0	0	0	0	0	0	0	0	0	0	0
351.1	1	0	0	1	0	0	0	0	0	0	0
351.3	0	0	0	0	0	0	0	0	0	0	0
351.5	3	0	0	2	1	0	0	0	0	0	0
351.7	0	0	0	0	0	0	0	0	0	0	0
351.9	0	0	0	0	0	0	0	0	0	0	0
352.1	0	0	0	0	0	0	0	0	0	0	0
352.3	2	0	0	2	0	0	0	0	0	0	0
352.5	0	0	0	0	0	0	0	0	0	0	0
352.7	1	0	0	1	0	0	0	0	0	0	0
352.9	1	0	0	1	0	0	0	0	0	0	0
353.1	1	0	0	1	0	0	0	0	0	0	0
353.3	1	0	0	1	0	0	0	0	0	0	0
353.5	0	0	0	0	0	0	0	0	0	0	0
353.7	0	0	0	0	0	0	0	0	0	0	0
353.9	1	0	0	1	0	0	0	0	0	0	0
354.1	3	0	0	2	1	0	0	0	0	0	0
354.3	2	0	0	2	0	0	0	0	0	0	0
354.5	0	0	0	0	0	0	0	0	0	0	0
354.7	0	0	0	0	0	0	0	0	0	0	0
354.9	0	0	0	0	0	0	0	0	0	0	0
355.1	0	0	0	0	0	0	0	0	0	0	0
355.3	0	0	0	0	0	0	0	0	0	0	0
355.5	0	0	0	0	0	0	0	0	0	0	0
355.7	2	0	0	2	0	0	0	0	0	0	0
355.9	0	0	0	0	0	0	0	0	0	0	0
356.1	0	0	0	0	0	0	0	0	0	0	0
356.3	0	0	0	0	0	0	0	0	0	0	0
356.5	1	0	0	1	0	0	0	0	0	0	0
356.7	1	0	0	1	0	0	0	0	0	0	0
356.9	0	0	0	0	0	0	0	0	0	0	0
357.1	0	0	0	0	0	0	0	0	0	0	0
357.3	0	0	0	0	0	0	0	0	0	0	0
357.5	1	0	0	1	0	0	0	0	0	0	0
357.7	2	0	0	1	1	0	0	0	0	0	0
357.9	0	0	0	0	0	0	0	0	0	0	0
358.1	0	0	0	0	0	0	0	0	0	0	0
358.3	0	0	0	0	0	0	0	0	0	0	0
358.5	0	0	0	0	0	0	0	0	0	0	0
358.7	1	0	0	1	0	0	0	0	0	0	0
358.9	0	0	0	0	0	0	0	0	0	0	0
359.1	0	0	0	0	0	0	0	0	0	0	0
359.3	0	0	0	0	0	0	0	0	0	0	0
359.5	1	0	0	1	0	0	0	0	0	0	0
359.7	0	0	0	0	0	0	0	0	0	0	0
359.9	0	0	0	0	0	0	0	0	0	0	0
360.1	0	0	0	0	0	0	0	0	0	0	0
360.3	0	0	0	0	0	0	0	0	0	0	0
360.5	0	0	0	0	0	0	0	0	0	0	0
360.7	0	0	0	0	0	0	0	0	0	0	0
360.9	0	0	0	0	0	0	0	0	0	0	0
361.1	0	0	0	0	0	0	0	0	0	0	0
361.3	0	0	0	0	0	0	0	0	0	0	0
361.5	0	0	0	0	0	0	0	0	0	0	0
361.7	1	0	0	1	0	0	0	0	0	0	0
361.9	0	0	0	0	0	0	0	0	0	0	0
362.1	0	0	0	0	0	0	0	0	0	0	0
362.3	0	0	0	0	0	0	0	0	0	0	0
362.5	1	0	0	1	0	0	0	0	0	0	0
362.7	0	0	0	0	0	0	0	0	0	0	0
362.9	1	0	0	1	0	0	0	0	0	0	0
363.1	0	0	0	0	0	0	0	0	0	0	0
363.3	0	0	0	0	0	0	0	0	0	0	0
363.5	0	0	0	0	0	0	0	0	0	0	0
363.7	2	0	0	0	2	0	0	0	0	0	0
363.9	1	0	0	0	1	0	0	0	0	0	0
364.1	0	0	0	0	0	0	0	0	0	0	0
364.3	0	0	0	0	0	0	0	0	0	0	0
364.5	0	0	0	0	0	0	0	0	0	0	0
364.7	0	0	0	0	0	0	0	0	0	0	0
364.9	0	0	0	0	0	0	0	0	0	0	0
365.1	0	0	0	0	0	0	0	0	0	0	0
365.3	1	0	0	0	1	0	0	0	0	0	0
365.5	0	0	0	0	0	0	0	0	0	0	0
365.7	0	0	0	0	0	0	0	0	0	0	0
365.9	0	0	0	0	0	0	0	0	0	0	0
366.1	0	0	0	0	0	0	0	0	0	0	0
366.3	0	0	0	0	0	0	0	0	0	0	0
366.5	0	0	0	0	0	0	0	0	0	0	0
366.7	0	0	0	0	0	0	0	0	0	0	0
366.9	0	0	0	0	0	0	0	0	0	0	0
367.1	0	0	0	0	0	0	0	0	0	0	0
367.3	0	0	0	0	0	0	0	0	0	0	0
367.5	0	0	0	0	0	0	0	0	0	0	0
367.7	0	0	0	0	0	0	0	0	0	0	0
367.9	0	0	0	0	0	0	0	0	0	0	0
368.1	0	0	0	0	0	0	0	0	0	0	0
368.3	0	0	0	0	0	0	0	0	0	0	0
368.5	2	0	0	1	1	0	0	0	0	0	0
368.7	0	0	0	0	0	0	0	0	0	0	0
368.9	0	0	0	0	0	0	0	0	0	0	0
369.1	0	0	0	0	0	0	0	0	0	0	0
369.3	0	0	0	0	0	0	0	0	0	0	0
369.5	0	0	0	0	0	0	0	0	0	0	0
369.7	0	0	0	0	0	0	0	0	0	0	0
369.9	1	0	0	1	0	0	0	0	0	0	0
370.1	0	0	0	0	0	0	0	0	0	0	0
370.3	0	0	0	0	0	0	0	0	0	0	0
370.5	0	0	0	0	0	0	0	0	0	0	0
370.7	0	0	0	0	0	0	0	0	0	0	0
370.9	0	0	0	0	0	0	0	0	0	0	0
371.1	0	0	0	0	0	0	0	0	0	0	0
371.3	0	0	0	0	0	0	0	0	0	0	0
371.5	0	0	0	0	0	0	0	0	0	0	0
371.7	1	0	0	1	0	0	0	0	0	0	0
371.9	0	0	0	0	0	0	0	0	0	0	0
372.1	0	0	0	0	0	0	0	0	0	0	0
372.3	0	0	0	0	0	0	0	0	0	0	0
372.5	0	0	0	0	0	0	0	0	0	0	0
372.7	0	0	0	0	0	0	0	0	0	0	0
372.9	0	0	0	0	0	0	0	0	0	0	0
373.1	0	0	0	0	0	0	0	0	0	0	0
373.3	0	0	0	0	0	0	0	0	0	0	0
373.5	0	0	0	0	0	0	0	0	0	0	0
373.7	0	0	0	0	0	0	0	0	0	0	0
373.9	0	0	0	0	0	0	0	0	0	0	0
374.1	0	0	0	0	0	0	0	0	0	0	0
374.3	0	0	0	0	0	0	0	0	0	0	0
374.5	0	0	0	0	0	0	0	0	0	0	0
374.7	0	0	0	0	0	0	0	0	0	0	0
374.9	0	0	0	0	0	0	0	0	0	0	0
375.1	0	0	0	0	0	0	0	0	0	0	0
375.3	0	0	0	0	0	0	0	0	0	0	0
375.5	0	0	0	0	0	0	0	0	0	0	0
375.7	0	0	0	0	0	0	0	0	0	0	0
375.9	0	0	0	0	0	0	0	0	0	0	0
376.1	1	0	0	1	0	0	0	0	0	0	0
376.3	0	0	0	0	0	0	0	0	0	0	0
376.5	0	0	0	0	0	0	0	0	0	0	0
376.7	0	0	0	0	0	0	0	0	0	0	0
376.9	0	0	0	0	0	0	0	0	0	0	0
377.1	0	0	0	0	0	0	0	0	0	0	0
377.3	0	0	0	0	0	0	0	0	0	0	0
377.5	0	0	0	0	0	0	0	0	0	0	0
377.7	0	0	0	0	0	0	0	0	0	0	0
377.9	0	0	0	0	0	0	0	0	0	0	0
378.1	0	0	0	0	0	0	0	0	0	0	0
378.3	0	0	0	0	0	0	0	0	0	0	0
378.5	0	0	0	0	0	0	0	0	0	0	0
378.7	0	0	0	0	0	0	0	0	0	0	0
378.9	0	0	0	0	0	0	0	0	0	0	0
379.1	0	0	0	0	0	0	0	0	0	0	0
379.3	0	0	0	0	0	0	0	0	0	0	0
379.5	0	0	0	0	0	0	0	0	0	0	0
379.7	0	0	0	0	0	0	0	0	0	0	0
379.9	0	0	0	0	0	0	0	0	0	0	0
380.1	0	0	0	0	0	0	0	0	0	0	0
380.3	0	0	0	0	0	0	0	0	0	0	0
380.5	0	0	0	0	0	0	0	0	0	0	0
380.7	0	0	0	0	0	0	0	0	0	0	0
380.9	0	0	0	0	0	0	0	0	0	0	0
381.1	0	0	0	0	0	0	0	0	0	0	0
381.3	0	0	0	0	0	0	0	0	0	0	0
381.5	0	0	0	0	0	0	0	0	0	0	0
381.7	0	0	0	0	0	0	0	0	0	0	0
381.9	0	0	0	0	0	0	0	0	0	0	0
382.1	1	0	0	0	1	0	0	0	0	0	0
382.3	0	0	0	0	0	0	0	0	0	0	0
382.5	0	0	0	0	0	0	0	0	0	0	0
382.7	0	0	0	0	0	0	0	0	0	0	0
382.9	0	0	0	0	0	0	0	0	0	0	0
383.1	0	0	0	0	0	0	0	0	0	0	0
383.3	0	0	0	0	0	0	0	0	0	0	0
383.5	0	0	0	0	0	0	0	0	0	0	0
383.7	0	0	0	0	0	0	0	0	0	0	0
383.9	0	0	0	0	0	0	0	0	0	0	0
384.1	0	0	0	0	0	0	0	0	0	0	0
384.3	0	0	0	0	0	0	0	0	0	0	0
384.5	0	0	0	0	0	0	0	0	0	0	0
384.7	0	0	0	0	0	0	0	0	0	0	0
384.9	0	0	0	0	0	0	0	0	0	0	0
385.1	0	0	0	0	0	0	0	0	0	0	0
385.3	0	0	0	0	0	0	0	0	0	0	0
385.5	0	0	0	0	0	0	0	0	0	0	0
385.7	0	0	0	0	0	0	0	0	0	0	0
385.9	0	0	0	0	0	0	0	0	0	0	0
386.1	0	0	0	0	0	0	0	0	0	0	0
386.3	0	0	0	0	0	0	0	0	0	0	0
386.5	0	0	0	0	0	0	0	0	0	0	0
386.7	0	0	0	0	0	0	0	0	0	0	0
386.9	0	0	0	0	0	0	0	0	0	0	0
387.1	0	0	0	0	0	0	0	0	0	0	0
387.3	0	0	0	0	0	0	0	0	0	0	0
387.5	0	0	0	0	0	0	0	0	0	0	0
387.7	0	0	0	0	0	0	0	0	0	0	0
387.9	0	0	0	0	0	0	0	0	0	0	0
388.1	0	0	0	0	0	0	0	0	0	0	0
388.3	0	0	0	0	0	0	0	0	0	0	0
388.5	0	0	0	0	0	0	0	0	0	0	0
388.7	0	0	0	0	0	0	0	0	0	0	0
388.9	0	0	0	0	0	0	0	0	0	0	0
389.1	0	0	0	0	0	0	0	0	0	0	0
389.3	0	0	0	0	0	0	0	0	0	0	0
389.5	0	0	0	0	0	0	0	0	0	0	0
389.7	0	0	0	0	0	0	0	0	0	0	0
389.9	0	0	0	0	0	0	0	0	0	0	0
390.1	0	0	0	0	0	0	0	0	0	0	0
390.3	0	0	0	0	0	0	0	0	0	0	0
390.5	0	0	0	0	0	0	0	0	0	0	0
390.7	1	0	0	1	0	0	0	0	0	0	0
390.9	0	0	0	0	0	0	0	0	0	0	0
391.1	0	0	0	0	0	0	0	0	0	0	0
391.3	0	0	0	0	0	0	0	0	0	0	0
391.5	0	0	0	0	0	0	0	0	0	0	0
391.7	0	0	0	0	0	0	0	0	0	0	0
391.9	0	0	0	0	0	0	0	0	0	0	0
392.1	0	0	0	0	0	0	0	0	0	0	0
392.3	0	0	0	0	0	0	0	0	0	0	0
392.5	0	0	0	0	0	0	0	0	0	0	0
392.7	0	0	0	0	0	0	0	0	0	0	0
392.9	0	0	0	0	0	0	0	0	0	0	0
393.1	0	0	0	0	0	0	0	0	0	0	0
393.3	0	0	0	0	0	0	0	0	0	0	0
393.5	0	0	0	0	0	0	0	0	0	0	0
393.7	0	0	0	0	0	0	0	0	0	0	0
393.9	0	0	0	0	0	0	0	0	0	0	0
394.1	0	0	0	0	0	0	0	0	0	0	0
394.3	0	0	0	0	0	0	0	0	0	0	0
394.5	0	0	0	0	0	0	0	0	0	0	0
394.7	0	0	0	0	0	0	0	0	0	0	0
394.9	0	0	0	0	0	0	0	0	0	0	0
395.1	0	0	0	0	0	0	0	0	0	0	0
395.3	0	0	0	0	0	0	0	0	0	0	0
395.5	0	0	0	0	0	0	0	0	0	0	0
395.7	0	0	0	0	0	0	0	0	0	0	0
395.9	0	0	0	0	0	0	0	0	0	0	0
396.1	0	0	0	0	0	0	0	0	0	0	0
396.3	0	0	0	0	0	0	0	0	0	0	0
396.5	0	0	0	0	0	0	0	0	0	0	0
396.7	0	0	0	0	0	0	0	0	0	0	0
396.9	0	0	0	0	0	0	0	0	0	0	0
397.1	0	0	0	0	0	0	0	0	0	0	0
397.3	0	0	0	0	0	0	0	0	0	0	0
397.5	0	0	0	0	0	0	0	0	0	0	0
397.7	0	0	0	0	0	0	0	0	0	0	0
397.9	0	0	0	0	0	0	0	0	0	0	0
398.1	0	0	0	0	0	0	0	0	0	0	0
398.3	0	0	0	0	0	0	0	0	0	0	0
398.5	0	0	0	0	0	0	0	0	0	0	0
398.7	0	0	0	0	0	0	0	0	0	0	0
398.9	0	0	0	0	0	0	0	0	0	0	0
399.1	0	0	0	0	0	0	0	0	0	0	0
399.3	0	0	0	0	0	0	0	0	0	0	0
399.5	0	0	0	0	0	0	0	0	0	0	0
399.7	0	0	0	0	0	0	0	0	0	0	0
399.9	0	0	0	0	0	0	0	0	0	0	0
400.1	0	0	0	0	0	0	0	0	0	0	0
400.3	0	0	0	0	0	0	0	0	0	0	0
400.5	0	0	0	0	0	0	0	0	0	0	0
400.7	0	0	0	0	0	0	0	0	0	0	0
400.9	0	0	0	0	0	0	0	0	0	0	0
401.1	0	0	0	0	0	0	0	0	0	0	0
401.3	0	0	0	0	0	0	0	0	0	0	0
401.5	0	0	0	0	0	0	0	0	0	0	0
401.7	0	0	0	0	0	0	0	0	0	0	0
401.9	0	0	0	0	0	0	0	0	0	0	0
402.1	0	0	0	0	0	0	0	0	0	0	0
402.3	0	0	0	0	0	0	0	0	0	0	0
402.5	0	0	0	0	0	0	0	0	0	0	0
402.7	0	0	0	0	0	0	0	0	0	0	0
402.9	0	0	0	0	0	0	0	0	0	0	0
403.1	0	0	0	0	0	0	0	0	0	0	0
403.3	0	0	0	0	0	0	0	0	0	0	0
403.5	0	0	0	0	0	0	0	0	0	0	0
403.7	0	0	0	0	0	0	0	0	0	0	0
403.9	0	0	0	0	0	0	0	0	0	0	0
404.1	0	0	0	0	0	0	0	0	0	0	0
404.3	0	0	0	0	0	0	0	0	0	0	0
404.5	0	0	0	0	0	0	0	0	0	0	0
404.7	0	0	0	0	0	0	0	0	0	0	0
404.9	0	0	0	0	0	0	0	0	0	0	0
405.1	0	0	0	0	0	0	0	0	0	0	0
405.3	0	0	0	0	0	0	0	0	0	0	0
405.5	0	0	0	0	0	0	0	0	0	0	0
405.7	0	0	0	0	0	0	0	0	0	0	0
405.9	0	0	0	0	0	0	0	0	0	0	0
406.1	0	0	0	0	0	0	0	0	0	0	0
406.3	0	0	0	0	0	0	0	0	0	0	0
406.5	0	0	0	0	0	0	0	0	0	0	0
406.7	0	0	0	0	0	0	0	0	0	0	0
406.9	0	0	0	0	0	0	0	0	0	0	0
407.1	0	0	0	0	0	0	0	0	0	0	0
407.3	0	0	0	0	0	0	0	0	0	0	0
407.5	0	0	0	0	0	0	0	0	0	0	0
407.7	0	0	0	0	0	0	0	0	0	0	0
407.9	0	0	0	0	0	0	0	0	0	0	0
408.1	0	0	0	0	0	0	0	0	0	0	0
408.3	0	0	0	0	0	0	0	0	0	0	0
408.5	0	0	0	0	0	0	0	0	0	0	0
408.7	0	0	0	0	0	0	0	0	0	0	0
408.9	0	0	0	0	0	0	0	0	0	0	0
409.1	0	0	0	0	0	0	0	0	0	0	0
409.3	0	0	0	0	0	0	0	0	0	0	0
409.5	0	0	0	0	0	0	0	0	0	0	0
