#energy (keV)	total count	counts for increasing scattering numbers (from 1)
0.4	0	0	0	0	0	0	0	0	0	0	0
1.2	0	0	0	0	0	0	0	0	0	0	0
2	0	0	0	0	0	0	0	0	0	0	0
2.8	0	0	0	0	0	0	0	0	0	0	0
3.6	0	0	0	0	0	0	0	0	0	0	0
4.4	0	0	0	0	0	0	0	0	0	0	0
5.2	0	0	0	0	0	0	0	0	0	0	0
6	0	0	0	0	0	0	0	0	0	0	0
6.8	0	0	0	0	0	0	0	0	0	0	0
7.6	0	0	0	0	0	0	0	0	0	0	0
8.4	0	0	0	0	0	0	0	0	0	0	0
9.2	0	0	0	0	0	0	0	0	0	0	0
10	0	0	0	0	0	0	0	0	0	0	0
10.8	0	0	0	0	0	0	0	0	0	0	0
11.6	0	0	0	0	0	0	0	0	0	0	0
12.4	0	0	0	0	0	0	0	0	0	0	0
13.2	0	0	0	0	0	0	0	0	0	0	0
14	1	0	0	0	0	0	0	0	0	0	1
14.8	1	0	0	0	0	0	0	0	0	0	1
15.6	2	0	0	0	0	0	0	0	0	0	2
16.4	5	0	0	0	0	0	0	0	0	0	5
17.2	2	0	0	0	0	0	0	0	0	0	2
18	0	0	0	0	0	0	0	0	0	0	0
18.8	6	0	0	0	0	0	0	0	0	0	6
19.6	3	0	0	0	0	0	0	0	0	0	3
20.4	5	0	0	0	0	0	0	0	0	0	5
21.2	3	0	0	0	0	0	0	0	0	0	3
22	0	0	0	0	0	0	0	0	0	0	0
22.8	5	0	0	0	0	0	0	0	0	0	5
23.6	8	0	0	0	0	0	0	0	0	0	8
24.4	7	0	0	0	0	0	0	0	0	0	7
25.2	8	0	0	0	0	0	0	0	0	0	8
26	9	0	0	0	0	0	0	0	0	0	9
26.8	8	0	0	0	0	0	0	0	0	0	8
27.6	12	0	0	0	0	0	0	0	0	0	12
28.4	9	0	0	0	0	0	0	0	0	0	9
29.2	15	0	0	0	0	0	0	0	0	0	15
30	14	0	0	0	0	0	0	0	0	0	14
30.8	9	0	0	0	0	0	0	0	0	0	9
31.6	11	0	0	0	0	0	0	0	0	0	11
32.4	22	0	0	0	0	0	0	0	0	0	22
33.2	14	0	0	0	0	0	0	0	0	1	13
34	14	0	0	0	0	0	0	0	0	0	14
34.8	11	0	0	0	0	0	0	0	0	0	11
35.6	18	0	0	0	0	0	0	0	0	0	18
36.4	16	0	0	0	0	0	0	0	1	2	13
37.2	18	0	0	0	0	0	0	0	0	0	18
38	20	0	0	0	0	0	0	0	0	0	20
38.8	17	0	0	0	0	0	0	0	0	1	16
39.6	27	0	0	0	0	0	0	0	0	3	24
40.4	25	0	0	0	0	0	0	0	0	1	24
41.2	27	0	0	0	0	0	0	0	2	4	21
42	20	0	0	0	0	0	0	0	2	3	15
42.8	26	0	0	0	0	0	0	1	2	1	22
43.6	31	0	0	0	0	0	0	0	0	2	29
44.4	29	0	0	0	0	0	0	0	4	3	22
45.2	36	0	0	0	0	0	0	1	5	6	24
46	26	0	0	0	0	0	0	0	2	3	21
46.8	28	0	0	0	0	0	1	3	4	6	14
47.6	43	0	0	0	0	0	3	2	5	14	19
48.4	31	0	0	0	0	0	1	4	5	6	15
49.2	38	0	0	0	0	0	0	3	2	10	23
50	43	0	0	0	0	0	4	5	9	5	20
50.8	39	0	0	0	0	0	3	5	9	7	15
51.6	49	0	0	0	0	0	3	8	10	7	21
52.4	41	0	0	0	0	0	2	6	10	8	15
53.2	33	0	0	0	0	0	3	4	11	10	5
54	46	0	0	0	0	2	2	11	8	8	15
54.8	69	0	0	0	0	4	11	9	16	8	21
55.6	39	0	0	0	0	1	1	5	8	9	15
56.4	40	0	0	0	0	1	6	8	5	6	14
57.2	53	0	0	0	0	1	9	11	7	10	15
58	45	0	0	0	0	3	3	15	10	9	5
58.8	47	0	0	0	0	1	5	11	15	6	9
59.6	47	0	0	0	0	1	9	10	7	9	11
60.4	48	0	0	0	0	10	6	14	8	5	5
61.2	46	0	0	0	0	4	10	13	8	6	5
62	55	0	0	0	0	5	7	14	14	7	8
62.8	50	0	0	0	0	5	11	15	8	9	2
63.6	53	0	0	0	0	9	12	13	9	4	6
64.4	79	0	0	0	2	10	19	16	18	6	8
65.2	48	0	0	0	3	9	12	8	9	4	3
66	51	0	0	0	0	2	18	13	6	6	6
66.8	57	0	0	0	1	5	13	15	11	7	5
67.6	58	0	0	0	4	7	16	11	11	3	6
68.4	62	0	0	0	3	10	21	15	4	6	3
69.2	64	0	0	0	4	12	20	14	9	1	4
70	68	0	0	0	4	16	15	15	6	4	8
70.8	61	0	0	0	2	9	17	18	7	3	5
71.6	81	0	0	0	6	19	18	17	8	7	6
72.4	59	0	0	0	3	7	24	9	6	5	5
73.2	65	0	0	0	7	21	13	7	6	8	3
74	71	0	0	0	6	14	15	13	13	5	5
74.8	77	0	0	0	6	15	23	19	8	3	3
75.6	65	0	0	0	9	16	13	12	6	6	3
76.4	75	0	0	1	5	22	20	14	8	3	2
77.2	80	0	0	0	12	23	17	11	8	6	3
78	63	0	0	0	10	24	11	13	3	0	2
78.8	67	0	0	0	11	20	18	7	5	4	2
79.6	82	0	0	3	19	17	20	13	8	1	1
80.4	54	0	0	1	8	22	11	7	4	1	0
81.2	93	0	0	2	23	21	22	13	6	5	1
82	75	0	0	0	13	22	21	11	7	1	0
82.8	76	0	0	6	17	17	14	15	4	3	0
83.6	84	0	0	4	19	23	13	16	5	3	1
84.4	77	0	0	5	18	25	17	7	3	1	1
85.2	70	0	0	2	15	18	17	14	2	1	1
86	92	0	0	8	23	29	18	9	2	0	3
86.8	80	0	0	2	12	30	18	12	5	1	0
87.6	72	0	0	6	12	19	18	5	5	4	3
88.4	79	0	0	11	23	24	13	3	4	1	0
89.2	83	0	0	7	25	12	18	13	5	2	1
90	69	0	0	5	18	20	12	6	5	3	0
90.8	87	0	0	11	26	28	12	5	1	4	0
91.6	81	0	0	9	15	16	23	11	3	2	2
92.4	74	0	0	8	22	22	13	7	1	1	0
93.2	80	0	0	16	22	21	12	9	0	0	0
94	86	0	0	12	19	29	16	6	1	2	1
94.8	68	0	0	10	16	24	10	4	3	1	0
95.6	87	0	0	12	28	22	10	9	4	0	2
96.4	81	0	0	18	19	26	11	4	2	1	0
97.2	77	0	0	12	21	25	13	4	1	0	1
98	97	0	0	21	32	22	13	6	1	2	0
98.8	85	0	0	15	26	25	13	5	1	0	0
99.6	81	0	0	14	26	28	9	4	0	0	0
100.4	96	0	0	20	30	19	18	5	4	0	0
101.2	75	0	0	15	26	22	8	3	0	1	0
102	83	0	0	14	26	23	11	7	1	1	0
102.8	93	0	0	22	30	25	10	5	1	0	0
103.6	81	0	0	28	22	12	8	6	3	1	1
104.4	84	0	0	21	31	18	10	2	2	0	0
105.2	73	0	0	24	19	13	8	5	4	0	0
106	85	0	0	23	21	12	13	12	3	1	0
106.8	97	0	0	31	26	19	14	4	2	1	0
107.6	84	0	2	16	23	21	13	7	1	0	1
108.4	90	0	5	35	24	17	8	1	0	0	0
109.2	83	0	3	26	27	18	5	4	0	0	0
110	94	0	4	24	37	12	11	4	2	0	0
110.8	92	0	5	34	25	12	9	5	2	0	0
111.6	88	0	2	31	30	15	7	3	0	0	0
112.4	106	0	8	31	33	17	12	5	0	0	0
113.2	89	0	6	36	23	12	8	3	1	0	0
114	100	0	5	27	31	25	8	3	1	0	0
114.8	104	0	9	27	39	12	10	4	2	1	0
115.6	103	0	9	33	24	21	13	3	0	0	0
116.4	111	0	12	34	41	12	8	3	1	0	0
117.2	86	0	5	26	32	14	6	2	1	0	0
118	91	0	5	39	19	15	10	1	2	0	0
118.8	100	0	11	37	22	17	6	5	1	1	0
119.6	85	0	11	33	27	11	2	0	1	0	0
120.4	91	0	7	39	25	13	7	0	0	0	0
121.2	95	0	17	32	21	14	5	4	2	0	0
122	98	0	15	29	27	18	6	3	0	0	0
122.8	74	0	10	29	20	10	4	1	0	0	0
123.6	89	0	9	36	23	12	7	0	1	0	1
124.4	112	0	21	45	21	18	6	1	0	0	0
125.2	92	0	20	30	15	13	11	3	0	0	0
126	110	0	11	42	28	18	7	3	0	1	0
126.8	105	0	17	42	21	13	7	5	0	0	0
127.6	102	0	18	37	30	10	5	1	0	1	0
128.4	91	0	18	42	14	11	3	1	2	0	0
129.2	94	0	16	35	27	11	3	2	0	0	0
130	99	0	20	43	19	12	2	3	0	0	0
130.8	89	0	14	44	17	8	5	0	1	0	0
131.6	101	0	20	40	31	5	3	1	1	0	0
132.4	96	0	19	43	18	13	2	0	1	0	0
133.2	90	0	17	36	15	17	4	1	0	0	0
134	78	0	19	29	17	9	3	1	0	0	0
134.8	105	0	25	31	34	10	3	2	0	0	0
135.6	68	0	18	19	17	9	2	2	0	1	0
136.4	99	0	17	46	19	11	3	1	2	0	0
137.2	82	0	21	32	13	13	2	1	0	0	0
138	95	0	20	44	18	6	5	2	0	0	0
138.8	89	0	23	31	20	10	4	0	0	1	0
139.6	82	0	20	34	24	3	1	0	0	0	0
140.4	96	0	24	38	23	8	2	1	0	0	0
141.2	85	0	25	28	17	10	4	1	0	0	0
142	90	0	20	36	17	11	5	1	0	0	0
142.8	86	0	21	29	22	8	3	1	1	1	0
143.6	70	0	12	36	15	5	1	0	1	0	0
144.4	86	0	29	26	19	8	3	1	0	0	0
145.2	87	0	24	29	21	9	1	1	2	0	0
146	68	0	23	25	15	1	3	1	0	0	0
146.8	78	0	26	37	8	5	2	0	0	0	0
147.6	87	0	22	35	18	11	1	0	0	0	0
148.4	92	0	24	39	18	7	2	1	1	0	0
149.2	93	0	32	30	18	8	4	0	1	0	0
150	91	0	29	25	22	10	4	1	0	0	0
150.8	78	0	18	38	9	11	2	0	0	0	0
151.6	89	0	21	40	14	9	3	2	0	0	0
152.4	92	0	34	33	21	4	0	0	0	0	0
153.2	93	0	38	35	13	5	2	0	0	0	0
154	86	0	31	28	17	8	2	0	0	0	0
154.8	77	0	27	25	17	7	1	0	0	0	0
155.6	81	0	24	35	13	4	3	1	1	0	0
156.4	95	0	30	41	18	1	2	2	1	0	0
157.2	80	0	29	38	8	2	1	2	0	0	0
158	91	0	23	40	17	5	5	1	0	0	0
158.8	69	0	20	34	11	4	0	0	0	0	0
159.6	80	0	27	30	15	6	1	1	0	0	0
160.4	91	0	32	31	22	4	1	1	0	0	0
161.2	79	0	29	22	21	6	0	1	0	0	0
162	90	0	32	34	16	5	2	1	0	0	0
162.8	95	0	32	37	13	9	2	2	0	0	0
163.6	80	0	26	31	14	7	2	0	0	0	0
164.4	77	0	21	33	15	6	2	0	0	0	0
165.2	88	0	34	30	10	12	1	1	0	0	0
166	89	0	37	34	9	5	3	1	0	0	0
166.8	89	0	37	26	17	7	2	0	0	0	0
167.6	92	0	43	28	14	3	3	1	0	0	0
168.4	94	0	42	30	13	7	2	0	0	0	0
169.2	92	0	32	31	18	11	0	0	0	0	0
170	89	0	39	28	13	4	2	0	2	1	0
170.8	90	0	44	34	9	3	0	0	0	0	0
171.6	65	0	30	19	10	5	0	1	0	0	0
172.4	85	0	29	35	12	8	1	0	0	0	0
173.2	82	0	31	30	14	4	2	1	0	0	0
174	75	0	35	30	8	1	1	0	0	0	0
174.8	73	0	32	25	12	4	0	0	0	0	0
175.6	71	0	27	29	12	3	0	0	0	0	0
176.4	84	0	37	34	11	0	1	1	0	0	0
177.2	81	1	39	26	10	4	1	0	0	0	0
178	82	1	44	24	8	3	0	2	0	0	0
178.8	72	0	33	29	8	1	1	0	0	0	0
179.6	76	1	38	23	12	1	0	1	0	0	0
180.4	76	1	33	32	4	5	0	1	0	0	0
181.2	71	1	30	21	12	5	2	0	0	0	0
182	78	1	38	32	5	1	1	0	0	0	0
182.8	73	2	38	27	4	2	0	0	0	0	0
183.6	78	1	45	19	11	1	0	1	0	0	0
184.4	90	2	50	28	6	4	0	0	0	0	0
185.2	91	2	43	31	6	8	1	0	0	0	0
186	77	4	33	26	12	2	0	0	0	0	0
186.8	86	4	43	24	12	2	0	1	0	0	0
187.6	77	2	42	20	11	1	1	0	0	0	0
188.4	86	3	53	23	5	2	0	0	0	0	0
189.2	85	0	48	20	13	4	0	0	0	0	0
190	75	4	35	30	5	1	0	0	0	0	0
190.8	88	4	47	27	9	1	0	0	0	0	0
191.6	82	2	34	37	7	2	0	0	0	0	0
192.4	80	6	40	19	10	3	2	0	0	0	0
193.2	70	3	41	21	3	2	0	0	0	0	0
194	75	6	40	18	9	1	1	0	0	0	0
194.8	70	2	30	25	10	3	0	0	0	0	0
195.6	65	7	30	20	5	3	0	0	0	0	0
196.4	71	2	33	23	7	4	0	0	1	1	0
197.2	78	5	41	21	9	1	1	0	0	0	0
198	71	4	34	22	8	2	1	0	0	0	0
198.8	70	2	32	23	10	2	0	1	0	0	0
199.6	75	6	42	21	3	1	2	0	0	0	0
200.4	82	8	37	24	7	6	0	0	0	0	0
201.2	73	8	35	18	6	5	1	0	0	0	0
202	62	6	27	18	9	2	0	0	0	0	0
202.8	80	8	35	26	7	3	1	0	0	0	0
203.6	62	3	33	18	5	3	0	0	0	0	0
204.4	72	7	34	22	6	2	1	0	0	0	0
205.2	72	9	31	25	6	0	1	0	0	0	0
206	61	5	32	18	4	2	0	0	0	0	0
206.8	61	6	28	19	7	1	0	0	0	0	0
207.6	53	5	23	17	5	2	1	0	0	0	0
208.4	54	5	27	15	6	1	0	0	0	0	0
209.2	57	5	33	15	3	1	0	0	0	0	0
210	68	3	35	19	8	2	1	0	0	0	0
210.8	63	5	35	16	5	1	0	1	0	0	0
211.6	69	4	41	20	3	1	0	0	0	0	0
212.4	48	4	24	14	6	0	0	0	0	0	0
213.2	56	3	31	15	3	4	0	0	0	0	0
214	51	4	26	15	1	5	0	0	0	0	0
214.8	59	5	29	16	6	3	0	0	0	0	0
215.6	47	8	17	16	6	0	0	0	0	0	0
216.4	39	3	22	10	3	0	1	0	0	0	0
217.2	57	9	23	18	6	1	0	0	0	0	0
218	66	4	37	15	9	0	1	0	0	0	0
218.8	68	8	30	23	4	3	0	0	0	0	0
219.6	56	5	30	12	7	2	0	0	0	0	0
220.4	46	8	22	11	5	0	0	0	0	0	0
221.2	57	5	28	12	10	2	0	0	0	0	0
222	41	7	17	9	7	0	1	0	0	0	0
222.8	54	4	34	12	3	1	0	0	0	0	0
223.6	63	8	36	17	2	0	0	0	0	0	0
224.4	45	6	21	14	3	1	0	0	0	0	0
225.2	57	6	20	23	5	3	0	0	0	0	0
226	43	5	23	10	3	1	1	0	0	0	0
226.8	53	4	26	12	10	0	1	0	0	0	0
227.6	43	3	25	11	2	1	1	0	0	0	0
228.4	48	5	21	18	3	1	0	0	0	0	0
229.2	53	3	30	18	1	1	0	0	0	0	0
230	48	5	25	12	5	1	0	0	0	0	0
230.8	53	7	24	17	4	1	0	0	0	0	0
231.6	40	2	24	12	1	1	0	0	0	0	0
232.4	48	8	26	7	7	0	0	0	0	0	0
233.2	60	8	33	15	4	0	0	0	0	0	0
234	47	5	21	15	5	1	0	0	0	0	0
234.8	41	6	18	13	2	1	1	0	0	0	0
235.6	34	7	18	7	0	2	0	0	0	0	0
236.4	58	9	31	15	3	0	0	0	0	0	0
237.2	40	1	21	15	2	1	0	0	0	0	0
238	50	6	26	13	5	0	0	0	0	0	0
238.8	45	3	28	13	1	0	0	0	0	0	0
239.6	41	7	21	8	4	0	1	0	0	0	0
240.4	48	6	22	15	4	1	0	0	0	0	0
241.2	51	9	23	13	5	0	1	0	0	0	0
242	42	5	27	7	2	1	0	0	0	0	0
242.8	36	3	21	6	5	0	1	0	0	0	0
243.6	44	3	24	10	6	1	0	0	0	0	0
244.4	52	7	28	13	3	1	0	0	0	0	0
245.2	46	5	27	12	2	0	0	0	0	0	0
246	39	6	19	9	1	3	1	0	0	0	0
246.8	41	5	24	11	1	0	0	0	0	0	0
247.6	35	8	15	7	5	0	0	0	0	0	0
248.4	38	2	28	5	1	2	0	0	0	0	0
249.2	37	4	19	11	2	1	0	0	0	0	0
250	46	10	17	15	4	0	0	0	0	0	0
250.8	42	9	20	9	3	1	0	0	0	0	0
251.6	31	4	18	7	1	1	0	0	0	0	0
252.4	33	3	17	9	3	1	0	0	0	0	0
253.2	40	9	21	6	2	2	0	0	0	0	0
254	42	5	30	5	2	0	0	0	0	0	0
254.8	37	3	19	12	1	2	0	0	0	0	0
255.6	50	4	28	12	4	1	1	0	0	0	0
256.4	43	9	21	11	2	0	0	0	0	0	0
257.2	35	4	20	8	1	2	0	0	0	0	0
258	32	7	15	8	2	0	0	0	0	0	0
258.8	36	5	20	10	1	0	0	0	0	0	0
259.6	47	4	24	16	3	0	0	0	0	0	0
260.4	31	6	18	6	1	0	0	0	0	0	0
261.2	33	5	17	7	4	0	0	0	0	0	0
262	31	7	16	6	2	0	0	0	0	0	0
262.8	34	7	13	10	3	1	0	0	0	0	0
263.6	31	6	12	11	1	1	0	0	0	0	0
264.4	31	4	21	4	1	0	1	0	0	0	0
265.2	29	4	18	5	2	0	0	0	0	0	0
266	34	3	20	10	1	0	0	0	0	0	0
266.8	37	6	24	4	1	1	1	0	0	0	0
267.6	39	10	15	9	4	1	0	0	0	0	0
268.4	38	3	24	9	2	0	0	0	0	0	0
269.2	30	4	16	5	4	1	0	0	0	0	0
270	36	6	22	5	3	0	0	0	0	0	0
270.8	31	5	16	5	4	1	0	0	0	0	0
271.6	31	3	19	6	3	0	0	0	0	0	0
272.4	32	3	19	9	1	0	0	0	0	0	0
273.2	39	6	24	7	2	0	0	0	0	0	0
274	33	7	19	6	0	1	0	0	0	0	0
274.8	41	7	17	15	2	0	0	0	0	0	0
275.6	28	4	16	6	2	0	0	0	0	0	0
276.4	39	5	28	4	1	1	0	0	0	0	0
277.2	33	10	14	8	1	0	0	0	0	0	0
278	31	4	15	9	2	1	0	0	0	0	0
278.8	22	2	13	4	2	1	0	0	0	0	0
279.6	32	9	9	11	2	0	1	0	0	0	0
280.4	40	6	18	11	3	2	0	0	0	0	0
281.2	30	6	13	7	4	0	0	0	0	0	0
282	33	4	19	8	2	0	0	0	0	0	0
282.8	37	6	20	8	3	0	0	0	0	0	0
283.6	37	14	16	5	1	1	0	0	0	0	0
284.4	31	6	16	5	4	0	0	0	0	0	0
285.2	40	6	27	6	0	0	1	0	0	0	0
286	30	4	14	8	4	0	0	0	0	0	0
286.8	29	5	17	5	2	0	0	0	0	0	0
287.6	29	3	13	10	2	1	0	0	0	0	0
288.4	23	4	15	4	0	0	0	0	0	0	0
289.2	46	4	24	11	6	1	0	0	0	0	0
290	30	6	13	8	2	1	0	0	0	0	0
290.8	31	6	14	9	2	0	0	0	0	0	0
291.6	28	9	14	3	2	0	0	0	0	0	0
292.4	24	3	15	5	0	1	0	0	0	0	0
293.2	20	2	12	3	3	0	0	0	0	0	0
294	33	6	14	11	2	0	0	0	0	0	0
294.8	29	4	22	1	2	0	0	0	0	0	0
295.6	24	3	11	8	2	0	0	0	0	0	0
296.4	27	1	15	7	4	0	0	0	0	0	0
297.2	36	6	20	8	2	0	0	0	0	0	0
298	29	6	15	7	1	0	0	0	0	0	0
298.8	33	7	22	4	0	0	0	0	0	0	0
299.6	24	6	15	2	1	0	0	0	0	0	0
300.4	25	4	15	3	2	1	0	0	0	0	0
301.2	29	4	18	6	0	1	0	0	0	0	0
302	36	8	17	7	4	0	0	0	0	0	0
302.8	23	1	17	5	0	0	0	0	0	0	0
303.6	20	2	12	5	1	0	0	0	0	0	0
304.4	28	4	21	2	1	0	0	0	0	0	0
305.2	32	11	16	4	1	0	0	0	0	0	0
306	24	4	15	4	1	0	0	0	0	0	0
306.8	30	5	18	7	0	0	0	0	0	0	0
307.6	33	5	21	7	0	0	0	0	0	0	0
308.4	24	3	14	6	0	1	0	0	0	0	0
309.2	29	4	19	6	0	0	0	0	0	0	0
310	29	8	14	7	0	0	0	0	0	0	0
310.8	26	7	13	4	2	0	0	0	0	0	0
311.6	23	6	10	3	3	1	0	0	0	0	0
312.4	22	5	11	6	0	0	0	0	0	0	0
313.2	25	5	13	6	1	0	0	0	0	0	0
314	23	3	15	5	0	0	0	0	0	0	0
314.8	28	9	11	6	2	0	0	0	0	0	0
315.6	21	2	16	3	0	0	0	0	0	0	0
316.4	23	2	15	6	0	0	0	0	0	0	0
317.2	21	2	15	3	1	0	0	0	0	0	0
318	33	5	20	5	3	0	0	0	0	0	0
318.8	24	2	20	1	1	0	0	0	0	0	0
319.6	16	3	7	5	1	0	0	0	0	0	0
320.4	21	7	9	4	1	0	0	0	0	0	0
321.2	22	6	14	1	1	0	0	0	0	0	0
322	22	4	14	4	0	0	0	0	0	0	0
322.8	22	1	10	9	2	0	0	0	0	0	0
323.6	25	3	18	3	1	0	0	0	0	0	0
324.4	20	4	12	3	1	0	0	0	0	0	0
325.2	25	6	14	4	1	0	0	0	0	0	0
326	25	4	18	2	1	0	0	0	0	0	0
326.8	32	7	19	5	0	1	0	0	0	0	0
327.6	15	2	7	6	0	0	0	0	0	0	0
328.4	24	4	13	6	1	0	0	0	0	0	0
329.2	22	2	15	2	2	0	1	0	0	0	0
330	27	8	15	2	2	0	0	0	0	0	0
330.8	21	5	11	5	0	0	0	0	0	0	0
331.6	25	4	13	6	1	1	0	0	0	0	0
332.4	23	3	18	1	1	0	0	0	0	0	0
333.2	20	5	10	4	1	0	0	0	0	0	0
334	32	3	23	5	1	0	0	0	0	0	0
334.8	16	2	12	1	1	0	0	0	0	0	0
335.6	23	1	16	5	0	1	0	0	0	0	0
336.4	26	5	13	6	2	0	0	0	0	0	0
337.2	22	8	9	5	0	0	0	0	0	0	0
338	20	6	13	1	0	0	0	0	0	0	0
338.8	28	4	15	7	2	0	0	0	0	0	0
339.6	27	4	16	6	1	0	0	0	0	0	0
340.4	28	6	15	5	2	0	0	0	0	0	0
341.2	23	4	15	4	0	0	0	0	0	0	0
342	26	5	14	6	0	1	0	0	0	0	0
342.8	12	1	9	1	1	0	0	0	0	0	0
343.6	17	6	8	2	1	0	0	0	0	0	0
344.4	22	4	15	3	0	0	0	0	0	0	0
345.2	24	5	14	4	1	0	0	0	0	0	0
346	23	5	10	8	0	0	0	0	0	0	0
346.8	18	5	12	1	0	0	0	0	0	0	0
347.6	23	1	14	8	0	0	0	0	0	0	0
348.4	18	2	15	1	0	0	0	0	0	0	0
349.2	21	6	14	1	0	0	0	0	0	0	0
350	17	7	6	3	1	0	0	0	0	0	0
350.8	20	3	14	2	1	0	0	0	0	0	0
351.6	29	6	17	5	1	0	0	0	0	0	0
352.4	22	3	10	9	0	0	0	0	0	0	0
353.2	20	3	16	0	1	0	0	0	0	0	0
354	22	5	13	3	1	0	0	0	0	0	0
354.8	18	2	11	5	0	0	0	0	0	0	0
355.6	21	4	14	2	1	0	0	0	0	0	0
356.4	15	5	6	1	3	0	0	0	0	0	0
357.2	23	6	12	5	0	0	0	0	0	0	0
358	18	5	11	2	0	0	0	0	0	0	0
358.8	26	11	8	5	2	0	0	0	0	0	0
359.6	22	7	8	5	2	0	0	0	0	0	0
360.4	14	1	10	2	1	0	0	0	0	0	0
361.2	19	2	12	5	0	0	0	0	0	0	0
362	14	1	11	1	1	0	0	0	0	0	0
362.8	19	0	15	2	2	0	0	0	0	0	0
363.6	21	5	11	4	1	0	0	0	0	0	0
364.4	18	6	11	0	1	0	0	0	0	0	0
365.2	18	4	13	1	0	0	0	0	0	0	0
366	18	2	13	3	0	0	0	0	0	0	0
366.8	15	4	10	1	0	0	0	0	0	0	0
367.6	18	3	13	1	1	0	0	0	0	0	0
368.4	14	2	12	0	0	0	0	0	0	0	0
369.2	12	3	8	1	0	0	0	0	0	0	0
370	19	5	12	2	0	0	0	0	0	0	0
370.8	10	4	5	1	0	0	0	0	0	0	0
371.6	32	8	18	4	2	0	0	0	0	0	0
372.4	16	3	10	3	0	0	0	0	0	0	0
373.2	20	7	12	0	1	0	0	0	0	0	0
374	17	3	11	2	1	0	0	0	0	0	0
374.8	16	6	6	4	0	0	0	0	0	0	0
375.6	17	3	9	4	1	0	0	0	0	0	0
376.4	7	1	4	2	0	0	0	0	0	0	0
377.2	14	4	5	5	0	0	0	0	0	0	0
378	13	3	8	2	0	0	0	0	0	0	0
378.8	17	6	9	2	0	0	0	0	0	0	0
379.6	19	3	13	1	2	0	0	0	0	0	0
380.4	12	0	9	2	1	0	0	0	0	0	0
381.2	14	6	7	1	0	0	0	0	0	0	0
382	8	3	4	1	0	0	0	0	0	0	0
382.8	16	7	4	4	1	0	0	0	0	0	0
383.6	11	1	8	2	0	0	0	0	0	0	0
384.4	14	2	9	3	0	0	0	0	0	0	0
385.2	14	3	8	3	0	0	0	0	0	0	0
386	19	6	13	0	0	0	0	0	0	0	0
386.8	16	5	9	2	0	0	0	0	0	0	0
387.6	14	3	7	4	0	0	0	0	0	0	0
388.4	12	2	7	2	1	0	0	0	0	0	0
389.2	20	7	8	4	0	1	0	0	0	0	0
390	18	9	6	3	0	0	0	0	0	0	0
390.8	18	6	7	4	0	1	0	0	0	0	0
391.6	14	2	10	1	1	0	0	0	0	0	0
392.4	18	3	10	5	0	0	0	0	0	0	0
393.2	14	2	11	1	0	0	0	0	0	0	0
394	12	2	8	2	0	0	0	0	0	0	0
394.8	21	4	15	1	1	0	0	0	0	0	0
395.6	16	4	7	5	0	0	0	0	0	0	0
396.4	14	3	8	2	1	0	0	0	0	0	0
397.2	21	4	15	2	0	0	0	0	0	0	0
398	15	4	9	2	0	0	0	0	0	0	0
398.8	11	3	6	1	1	0	0	0	0	0	0
399.6	8	2	6	0	0	0	0	0	0	0	0
400.4	15	3	12	0	0	0	0	0	0	0	0
401.2	14	1	13	0	0	0	0	0	0	0	0
402	15	3	10	2	0	0	0	0	0	0	0
402.8	24	4	15	4	1	0	0	0	0	0	0
403.6	15	1	12	2	0	0	0	0	0	0	0
404.4	12	3	9	0	0	0	0	0	0	0	0
405.2	9	3	6	0	0	0	0	0	0	0	0
406	13	3	9	1	0	0	0	0	0	0	0
406.8	11	4	5	2	0	0	0	0	0	0	0
407.6	17	3	12	1	0	1	0	0	0	0	0
408.4	15	5	6	4	0	0	0	0	0	0	0
409.2	12	2	9	1	0	0	0	0	0	0	0
